# Filename: guide/20241120megacomplex77K_PSI1.ascii
 
Time explicit
Intervalnr 1
2.37309027
6.3053588900e+02	0.0000000000e+00
6.3126513700e+02	0.0000000000e+00
6.3199444600e+02	0.0000000000e+00
6.3272375500e+02	0.0000000000e+00
6.3345300300e+02	0.0000000000e+00
6.3418225100e+02	0.0000000000e+00
6.3491162100e+02	0.0000000000e+00
6.3564086900e+02	0.0000000000e+00
6.3637011700e+02	0.0000000000e+00
6.3709942600e+02	0.0000000000e+00
6.3782873500e+02	0.0000000000e+00
6.3855798300e+02	0.0000000000e+00
6.3928723100e+02	0.0000000000e+00
6.4001654100e+02	0.0000000000e+00
6.4074585000e+02	0.0000000000e+00
6.4147509800e+02	0.0000000000e+00
6.4220440700e+02	0.0000000000e+00
6.4293371600e+02	0.0000000000e+00
6.4366296400e+02	0.0000000000e+00
6.4439221200e+02	0.0000000000e+00
6.4512152100e+02	0.0000000000e+00
6.4585083000e+02	0.0000000000e+00
6.4658007800e+02	0.0000000000e+00
6.4730932600e+02	0.0000000000e+00
6.4803869600e+02	0.0000000000e+00
6.4876794400e+02	0.0000000000e+00
6.4949719200e+02	0.0000000000e+00
6.5022650100e+02	0.0000000000e+00
6.5095581100e+02	0.0000000000e+00
6.5168505900e+02	0.0000000000e+00
6.5241430700e+02	0.0000000000e+00
6.5314361600e+02	0.0000000000e+00
6.5387292500e+02	0.0000000000e+00
6.5460217300e+02	0.0000000000e+00
6.5533142100e+02	0.0000000000e+00
6.5606079100e+02	0.0000000000e+00
6.5679003900e+02	0.0000000000e+00
6.5751928700e+02	0.0000000000e+00
6.5824859600e+02	0.0000000000e+00
6.5897790500e+02	0.0000000000e+00
6.5970715300e+02	0.0000000000e+00
6.6043640100e+02	0.0000000000e+00
6.6116571000e+02	0.0000000000e+00
6.6189502000e+02	0.0000000000e+00
6.6262426800e+02	0.0000000000e+00
6.6335357700e+02	0.0000000000e+00
6.6408288600e+02	0.0000000000e+00
6.6481213400e+02	0.0000000000e+00
6.6554138200e+02	0.0000000000e+00
6.6627069100e+02	0.0000000000e+00
6.6700000000e+02	0.0000000000e+00
6.6772924800e+02	0.0000000000e+00
6.6845849600e+02	0.0000000000e+00
6.6918786600e+02	0.0000000000e+00
6.6991711400e+02	0.0000000000e+00
6.7064636200e+02	0.0000000000e+00
6.7137567100e+02	0.0000000000e+00
6.7210498000e+02	0.0000000000e+00
6.7283422900e+02	0.0000000000e+00
6.7356347700e+02	0.0000000000e+00
6.7429278600e+02	0.0000000000e+00
6.7502209500e+02	0.0000000000e+00
6.7575134300e+02	0.0000000000e+00
6.7648065200e+02	0.0000000000e+00
6.7720996100e+02	0.0000000000e+00
6.7793920900e+02	0.0000000000e+00
6.7866845700e+02	0.0000000000e+00
6.7939776600e+02	0.0000000000e+00
6.8012707500e+02	0.0000000000e+00
6.8085632300e+02	0.0000000000e+00
6.8158557100e+02	0.0000000000e+00
6.8231494100e+02	0.0000000000e+00
6.8304418900e+02	0.0000000000e+00
6.8377343800e+02	0.0000000000e+00
6.8450274700e+02	0.0000000000e+00
6.8523205600e+02	0.0000000000e+00
6.8596130400e+02	0.0000000000e+00
6.8669055200e+02	0.0000000000e+00
6.8741986100e+02	0.0000000000e+00
6.8814917000e+02	0.0000000000e+00
6.8887841800e+02	0.0000000000e+00
6.8960766600e+02	0.0000000000e+00
6.9033703600e+02	0.0000000000e+00
6.9106628400e+02	0.0000000000e+00
6.9179553200e+02	2.9377780440e+00
6.9252484100e+02	8.1897137042e+01
6.9325415000e+02	2.1430736078e+01
6.9398339800e+02	3.8812533485e+01
6.9471264600e+02	6.4088938208e+00
6.9544195600e+02	2.7728329344e+01
6.9617126500e+02	5.4454427485e+01
6.9690051300e+02	2.3145102343e+01
6.9762982200e+02	1.2956764068e+01
6.9835913100e+02	7.6061028216e+01
6.9908837900e+02	1.8018425945e+01
6.9981762700e+02	3.9422840735e+01
7.0054693600e+02	1.4347561817e+01
7.0127624500e+02	4.5089453158e+01
7.0200549300e+02	8.7984990231e+01
7.0273474100e+02	7.9491147270e+01
7.0346411100e+02	6.7291170568e+01
7.0419335900e+02	3.5449332076e+01
7.0492260700e+02	6.2660049828e+01
7.0565191700e+02	1.0056049469e+02
7.0638122600e+02	3.7702103958e+01
7.0711047400e+02	5.7271066199e+01
7.0783972200e+02	1.0449158517e+02
7.0856903100e+02	1.1860294300e+02
7.0929834000e+02	7.0477570451e+01
7.1002758800e+02	1.2989609639e+02
7.1075683600e+02	9.4107827855e+01
7.1148620600e+02	1.0221328093e+02
7.1221545400e+02	1.2895788106e+02
7.1294470200e+02	1.0420128007e+02
7.1367401100e+02	9.3506922376e+01
7.1440332000e+02	1.0657225863e+02
7.1513256800e+02	7.5103850590e+01
7.1586181600e+02	9.6395922788e+01
7.1659118700e+02	1.0853651318e+02
7.1732043500e+02	4.8302854513e+01
7.1804968300e+02	7.7192445192e+01
7.1877899200e+02	8.8565562735e+01
7.1950830100e+02	8.8717907622e+01
7.2023754900e+02	6.8106628952e+01
7.2096679700e+02	6.1819806022e+01
7.2169610600e+02	4.6002009570e+01
7.2242541500e+02	6.4643951866e+01
7.2315466300e+02	8.1466580942e+01
7.2388391100e+02	8.3264333159e+01
7.2461328100e+02	4.4085207263e+01
7.2534252900e+02	5.0639042936e+01
7.2607177700e+02	5.6415239728e+01
7.2680108600e+02	3.3542395894e+01
7.2753039600e+02	2.6673390858e+01
7.2825964400e+02	5.3524613313e+01
7.2898889200e+02	4.5116377932e+01
7.2971820100e+02	6.4464547117e+00
7.3044751000e+02	3.5160501561e+01
7.3117675800e+02	9.9677417207e+00
7.3190606700e+02	2.5048094458e+01
7.3263537600e+02	3.3803091703e+01
7.3336462400e+02	4.7718467073e+01
7.3409387200e+02	1.8706932489e+01
7.3482318100e+02	4.4000741742e+01
7.3555249000e+02	2.4946467599e+01
7.3628173800e+02	2.6342644215e+01
7.3701098600e+02	3.0981152720e+01
7.3774035600e+02	2.0925126066e+01
7.3846960400e+02	2.3248093862e+01
7.3919885300e+02	1.9981972440e+01
7.3992816200e+02	2.0799459038e+01
7.4065747100e+02	3.1519600500e+01
7.4138671900e+02	0.0000000000e+00
7.4211596700e+02	2.9913264009e+00
7.4284527600e+02	2.3641793525e+01
7.4357458500e+02	2.4456506151e+01
7.4430383300e+02	8.2685471139e+00
7.4503308100e+02	2.0183844512e+01
7.4576245100e+02	1.1614225400e+01
7.4649169900e+02	6.4215798035e+00
7.4722094700e+02	1.3598442392e+01
7.4795025600e+02	1.9658396007e+01
7.4867956500e+02	9.5459324041e+00
7.4940881300e+02	1.2907308113e+01
7.5013806200e+02	1.6337932318e+01
7.5086737100e+02	0.0000000000e+00
7.5159668000e+02	5.8385018678e+00
7.5232592800e+02	0.0000000000e+00
