# Filename: guide/20241120megacomplex77K_PSI2.ascii
 
Time explicit
Intervalnr 1
2.37309027
6.3053588900e+02	0.0000000000e+00
6.3126513700e+02	0.0000000000e+00
6.3199444600e+02	0.0000000000e+00
6.3272375500e+02	0.0000000000e+00
6.3345300300e+02	0.0000000000e+00
6.3418225100e+02	0.0000000000e+00
6.3491162100e+02	0.0000000000e+00
6.3564086900e+02	0.0000000000e+00
6.3637011700e+02	0.0000000000e+00
6.3709942600e+02	0.0000000000e+00
6.3782873500e+02	0.0000000000e+00
6.3855798300e+02	0.0000000000e+00
6.3928723100e+02	0.0000000000e+00
6.4001654100e+02	0.0000000000e+00
6.4074585000e+02	0.0000000000e+00
6.4147509800e+02	0.0000000000e+00
6.4220440700e+02	0.0000000000e+00
6.4293371600e+02	0.0000000000e+00
6.4366296400e+02	0.0000000000e+00
6.4439221200e+02	0.0000000000e+00
6.4512152100e+02	0.0000000000e+00
6.4585083000e+02	0.0000000000e+00
6.4658007800e+02	0.0000000000e+00
6.4730932600e+02	0.0000000000e+00
6.4803869600e+02	0.0000000000e+00
6.4876794400e+02	0.0000000000e+00
6.4949719200e+02	0.0000000000e+00
6.5022650100e+02	0.0000000000e+00
6.5095581100e+02	0.0000000000e+00
6.5168505900e+02	0.0000000000e+00
6.5241430700e+02	0.0000000000e+00
6.5314361600e+02	0.0000000000e+00
6.5387292500e+02	0.0000000000e+00
6.5460217300e+02	0.0000000000e+00
6.5533142100e+02	0.0000000000e+00
6.5606079100e+02	0.0000000000e+00
6.5679003900e+02	0.0000000000e+00
6.5751928700e+02	0.0000000000e+00
6.5824859600e+02	0.0000000000e+00
6.5897790500e+02	0.0000000000e+00
6.5970715300e+02	0.0000000000e+00
6.6043640100e+02	0.0000000000e+00
6.6116571000e+02	0.0000000000e+00
6.6189502000e+02	0.0000000000e+00
6.6262426800e+02	0.0000000000e+00
6.6335357700e+02	0.0000000000e+00
6.6408288600e+02	0.0000000000e+00
6.6481213400e+02	0.0000000000e+00
6.6554138200e+02	0.0000000000e+00
6.6627069100e+02	0.0000000000e+00
6.6700000000e+02	0.0000000000e+00
6.6772924800e+02	0.0000000000e+00
6.6845849600e+02	0.0000000000e+00
6.6918786600e+02	0.0000000000e+00
6.6991711400e+02	0.0000000000e+00
6.7064636200e+02	0.0000000000e+00
6.7137567100e+02	0.0000000000e+00
6.7210498000e+02	0.0000000000e+00
6.7283422900e+02	0.0000000000e+00
6.7356347700e+02	0.0000000000e+00
6.7429278600e+02	0.0000000000e+00
6.7502209500e+02	0.0000000000e+00
6.7575134300e+02	0.0000000000e+00
6.7648065200e+02	0.0000000000e+00
6.7720996100e+02	0.0000000000e+00
6.7793920900e+02	0.0000000000e+00
6.7866845700e+02	0.0000000000e+00
6.7939776600e+02	0.0000000000e+00
6.8012707500e+02	0.0000000000e+00
6.8085632300e+02	0.0000000000e+00
6.8158557100e+02	0.0000000000e+00
6.8231494100e+02	0.0000000000e+00
6.8304418900e+02	0.0000000000e+00
6.8377343800e+02	0.0000000000e+00
6.8450274700e+02	0.0000000000e+00
6.8523205600e+02	0.0000000000e+00
6.8596130400e+02	0.0000000000e+00
6.8669055200e+02	0.0000000000e+00
6.8741986100e+02	0.0000000000e+00
6.8814917000e+02	0.0000000000e+00
6.8887841800e+02	0.0000000000e+00
6.8960766600e+02	0.0000000000e+00
6.9033703600e+02	2.9995307986e+01
6.9106628400e+02	1.8763077522e+01
6.9179553200e+02	0.0000000000e+00
6.9252484100e+02	1.0175704539e+01
6.9325415000e+02	2.2058907621e+01
6.9398339800e+02	2.4440415394e+01
6.9471264600e+02	3.1163909040e+01
6.9544195600e+02	2.7700524258e+00
6.9617126500e+02	1.2198327155e-01
6.9690051300e+02	1.8371985683e+00
6.9762982200e+02	6.5114435826e+00
6.9835913100e+02	1.1043820332e+01
6.9908837900e+02	2.1346009191e+01
6.9981762700e+02	2.9412166978e+01
7.0054693600e+02	2.6713183753e+01
7.0127624500e+02	2.5916113191e+01
7.0200549300e+02	2.7825315175e+01
7.0273474100e+02	3.2463347307e+01
7.0346411100e+02	3.5709016197e+01
7.0419335900e+02	3.6984442169e+01
7.0492260700e+02	3.9502572063e+01
7.0565191700e+02	3.9185727655e+01
7.0638122600e+02	3.2434120714e+01
7.0711047400e+02	4.8054550513e+01
7.0783972200e+02	4.7712405765e+01
7.0856903100e+02	5.0224853275e+01
7.0929834000e+02	5.4905537659e+01
7.1002758800e+02	5.4667696673e+01
7.1075683600e+02	5.7507384140e+01
7.1148620600e+02	5.8979555974e+01
7.1221545400e+02	6.0628555410e+01
7.1294470200e+02	6.2557003475e+01
7.1367401100e+02	6.7025092057e+01
7.1440332000e+02	6.8007229141e+01
7.1513256800e+02	6.7666859791e+01
7.1586181600e+02	6.8974660201e+01
7.1659118700e+02	6.9790961931e+01
7.1732043500e+02	7.2694298016e+01
7.1804968300e+02	7.1557180880e+01
7.1877899200e+02	7.0454454581e+01
7.1950830100e+02	7.0991700579e+01
7.2023754900e+02	7.0078036805e+01
7.2096679700e+02	7.0089704805e+01
7.2169610600e+02	6.9503274214e+01
7.2242541500e+02	6.6428187019e+01
7.2315466300e+02	6.5648401384e+01
7.2388391100e+02	6.2566909207e+01
7.2461328100e+02	6.3276064960e+01
7.2534252900e+02	5.9782826963e+01
7.2607177700e+02	5.8619751323e+01
7.2680108600e+02	5.8077720000e+01
7.2753039600e+02	5.6446277606e+01
7.2825964400e+02	5.3269027267e+01
7.2898889200e+02	5.0880008107e+01
7.2971820100e+02	5.1365759972e+01
7.3044751000e+02	4.8987954784e+01
7.3117675800e+02	4.6438303635e+01
7.3190606700e+02	4.5163280384e+01
7.3263537600e+02	4.3197508863e+01
7.3336462400e+02	4.0583005468e+01
7.3409387200e+02	4.0492452475e+01
7.3482318100e+02	3.8156565556e+01
7.3555249000e+02	3.6971535049e+01
7.3628173800e+02	3.4225393483e+01
7.3701098600e+02	3.4004660956e+01
7.3774035600e+02	3.3892631563e+01
7.3846960400e+02	3.2286103213e+01
7.3919885300e+02	3.0785324244e+01
7.3992816200e+02	3.1037600603e+01
7.4065747100e+02	2.9601564209e+01
7.4138671900e+02	3.0192979989e+01
7.4211596700e+02	2.9416033961e+01
7.4284527600e+02	2.7494173675e+01
7.4357458500e+02	2.6869097004e+01
7.4430383300e+02	2.5608904334e+01
7.4503308100e+02	2.4887490343e+01
7.4576245100e+02	2.3964369873e+01
7.4649169900e+02	2.3427734098e+01
7.4722094700e+02	2.3248092861e+01
7.4795025600e+02	2.1662273460e+01
7.4867956500e+02	2.2137991005e+01
7.4940881300e+02	2.1164468960e+01
7.5013806200e+02	1.9563175372e+01
7.5086737100e+02	2.0099579556e+01
7.5159668000e+02	1.9091451270e+01
7.5232592800e+02	1.9178723188e+01
