# Filename: guide/20241120megacomplex77K_PB1.ascii
 
Time explicit
Intervalnr 1
2.37309027
6.3053588900e+02	1.3672907647e+01
6.3126513700e+02	1.2543090356e+01
6.3199444600e+02	1.0898081753e+01
6.3272375500e+02	1.2207783714e+01
6.3345300300e+02	1.2404603352e+01
6.3418225100e+02	1.1401360877e+01
6.3491162100e+02	1.0926326197e+01
6.3564086900e+02	1.1063863532e+01
6.3637011700e+02	1.0229825223e+01
6.3709942600e+02	1.0655816892e+01
6.3782873500e+02	1.0358489084e+01
6.3855798300e+02	8.3427305889e+00
6.3928723100e+02	7.5645700307e+00
6.4001654100e+02	8.1130593951e+00
6.4074585000e+02	7.4929938345e+00
6.4147509800e+02	7.2032380692e+00
6.4220440700e+02	7.2671391373e+00
6.4293371600e+02	5.7600880786e+00
6.4366296400e+02	7.3368096816e+00
6.4439221200e+02	7.8219021435e+00
6.4512152100e+02	8.3320335230e+00
6.4585083000e+02	7.8209032567e+00
6.4658007800e+02	7.9508819383e+00
6.4730932600e+02	1.0829891923e+01
6.4803869600e+02	9.7830081689e+00
6.4876794400e+02	1.2896403742e+01
6.4949719200e+02	1.2482741139e+01
6.5022650100e+02	1.2568346485e+01
6.5095581100e+02	1.3837928470e+01
6.5168505900e+02	1.5977767553e+01
6.5241430700e+02	1.4896727088e+01
6.5314361600e+02	1.7638001312e+01
6.5387292500e+02	1.7802011486e+01
6.5460217300e+02	2.0245075712e+01
6.5533142100e+02	2.1571678861e+01
6.5606079100e+02	2.2631595016e+01
6.5679003900e+02	2.3424047581e+01
6.5751928700e+02	2.4347759786e+01
6.5824859600e+02	2.5830748697e+01
6.5897790500e+02	2.4611181889e+01
6.5970715300e+02	2.3969131664e+01
6.6043640100e+02	2.5452631749e+01
6.6116571000e+02	2.4887176548e+01
6.6189502000e+02	2.3876136949e+01
6.6262426800e+02	2.2933776366e+01
6.6335357700e+02	2.3094681363e+01
6.6408288600e+02	2.3420513074e+01
6.6481213400e+02	2.4937179692e+01
6.6554138200e+02	2.4441310155e+01
6.6627069100e+02	2.4849282961e+01
6.6700000000e+02	2.3938778769e+01
6.6772924800e+02	2.2762406172e+01
6.6845849600e+02	2.3549083886e+01
6.6918786600e+02	2.5700819248e+01
6.6991711400e+02	2.6362466895e+01
6.7064636200e+02	2.8218388733e+01
6.7137567100e+02	2.5427824762e+01
6.7210498000e+02	2.8107260297e+01
6.7283422900e+02	2.6444032429e+01
6.7356347700e+02	2.3824374757e+01
6.7429278600e+02	2.5229700061e+01
6.7502209500e+02	2.6458483374e+01
6.7575134300e+02	2.4876733679e+01
6.7648065200e+02	2.5707115816e+01
6.7720996100e+02	2.5123435633e+01
6.7793920900e+02	2.6913304558e+01
6.7866845700e+02	2.5938890712e+01
6.7939776600e+02	2.7095404745e+01
6.8012707500e+02	2.6334976610e+01
6.8085632300e+02	2.6792653049e+01
6.8158557100e+02	2.4376279944e+01
6.8231494100e+02	2.3577750361e+01
6.8304418900e+02	2.3799197607e+01
6.8377343800e+02	2.5361069170e+01
6.8450274700e+02	2.5329587581e+01
6.8523205600e+02	2.8589273381e+01
6.8596130400e+02	2.6251295803e+01
6.8669055200e+02	2.9751805158e+01
6.8741986100e+02	3.0595267543e+01
6.8814917000e+02	2.9866350376e+01
6.8887841800e+02	2.8973879589e+01
6.8960766600e+02	2.8497231973e+01
6.9033703600e+02	2.8398174011e+01
6.9106628400e+02	3.0894837227e+01
6.9179553200e+02	2.9307073352e+01
6.9252484100e+02	3.0986018639e+01
6.9325415000e+02	2.9988282811e+01
6.9398339800e+02	3.1733105916e+01
6.9471264600e+02	2.8579568555e+01
6.9544195600e+02	2.7232745594e+01
6.9617126500e+02	3.0685508700e+01
6.9690051300e+02	2.9967695334e+01
6.9762982200e+02	2.7389147619e+01
6.9835913100e+02	2.6346813592e+01
6.9908837900e+02	2.8125292788e+01
6.9981762700e+02	2.5499590042e+01
7.0054693600e+02	2.6412491507e+01
7.0127624500e+02	2.6097912880e+01
7.0200549300e+02	2.5886774408e+01
7.0273474100e+02	2.5387658979e+01
7.0346411100e+02	2.5373879907e+01
7.0419335900e+02	2.6023712970e+01
7.0492260700e+02	2.4424068026e+01
7.0565191700e+02	2.4251959857e+01
7.0638122600e+02	2.4285910487e+01
7.0711047400e+02	2.4398614017e+01
7.0783972200e+02	2.4775139573e+01
7.0856903100e+02	2.5855518779e+01
7.0929834000e+02	2.3234058040e+01
7.1002758800e+02	2.4540953260e+01
7.1075683600e+02	2.3466020407e+01
7.1148620600e+02	2.1501531577e+01
7.1221545400e+02	2.2132855516e+01
7.1294470200e+02	2.1034029208e+01
7.1367401100e+02	2.2344101707e+01
7.1440332000e+02	2.3279986669e+01
7.1513256800e+02	2.2001453121e+01
7.1586181600e+02	2.1916859515e+01
7.1659118700e+02	2.1997095737e+01
7.1732043500e+02	2.0565464172e+01
7.1804968300e+02	2.1809840237e+01
7.1877899200e+02	2.0849417400e+01
7.1950830100e+02	2.1646637344e+01
7.2023754900e+02	2.1290445915e+01
7.2096679700e+02	2.1550986862e+01
7.2169610600e+02	2.2182771867e+01
7.2242541500e+02	2.0635390998e+01
7.2315466300e+02	2.0368103105e+01
7.2388391100e+02	2.2246454390e+01
7.2461328100e+02	1.9993371508e+01
7.2534252900e+02	2.1640564066e+01
7.2607177700e+02	1.8999796056e+01
7.2680108600e+02	2.1878504890e+01
7.2753039600e+02	2.0620138046e+01
7.2825964400e+02	2.0872455695e+01
7.2898889200e+02	1.9975836285e+01
7.2971820100e+02	2.0042317079e+01
7.3044751000e+02	2.0708581992e+01
7.3117675800e+02	1.9706114065e+01
7.3190606700e+02	2.1582172815e+01
7.3263537600e+02	2.0860791378e+01
7.3336462400e+02	1.9537846264e+01
7.3409387200e+02	1.7781155283e+01
7.3482318100e+02	1.9889221791e+01
7.3555249000e+02	1.7856497212e+01
7.3628173800e+02	1.9448466174e+01
7.3701098600e+02	1.9007673789e+01
7.3774035600e+02	2.0034492081e+01
7.3846960400e+02	1.7540447958e+01
7.3919885300e+02	1.6971431228e+01
7.3992816200e+02	1.8638637906e+01
7.4065747100e+02	1.9795597181e+01
7.4138671900e+02	1.8844749080e+01
7.4211596700e+02	1.8843904480e+01
7.4284527600e+02	1.8288338217e+01
7.4357458500e+02	1.7350907735e+01
7.4430383300e+02	1.6943157694e+01
7.4503308100e+02	1.7675829334e+01
7.4576245100e+02	1.6859292354e+01
7.4649169900e+02	1.7138150632e+01
7.4722094700e+02	1.8052201796e+01
7.4795025600e+02	1.6735954102e+01
7.4867956500e+02	1.6959728980e+01
7.4940881300e+02	1.7506732988e+01
7.5013806200e+02	1.7101451581e+01
7.5086737100e+02	1.8023491663e+01
7.5159668000e+02	1.5460692388e+01
7.5232592800e+02	1.6093659066e+01
