# Filename: guide/20241120megacomplex77K_PB2.ascii
 
Time explicit
Intervalnr 1
2.37309027
6.3053588900e+02	2.0362105420e+00
6.3126513700e+02	2.8855540457e+00
6.3199444600e+02	3.1701614790e+00
6.3272375500e+02	2.6328490261e+00
6.3345300300e+02	2.8893548781e+00
6.3418225100e+02	2.2744289204e+00
6.3491162100e+02	1.4457568595e+00
6.3564086900e+02	1.3969093312e+00
6.3637011700e+02	1.0369125571e+00
6.3709942600e+02	1.1838639299e-01
6.3782873500e+02	0.0000000000e+00
6.3855798300e+02	1.8512236583e-01
6.3928723100e+02	0.0000000000e+00
6.4001654100e+02	0.0000000000e+00
6.4074585000e+02	0.0000000000e+00
6.4147509800e+02	0.0000000000e+00
6.4220440700e+02	0.0000000000e+00
6.4293371600e+02	0.0000000000e+00
6.4366296400e+02	0.0000000000e+00
6.4439221200e+02	0.0000000000e+00
6.4512152100e+02	0.0000000000e+00
6.4585083000e+02	0.0000000000e+00
6.4658007800e+02	1.3750149996e-02
6.4730932600e+02	0.0000000000e+00
6.4803869600e+02	9.6822743691e-01
6.4876794400e+02	1.4893163978e+00
6.4949719200e+02	2.7956395257e+00
6.5022650100e+02	3.2862383964e+00
6.5095581100e+02	2.9831292175e+00
6.5168505900e+02	4.1304699026e+00
6.5241430700e+02	5.5136277332e+00
6.5314361600e+02	5.7296128476e+00
6.5387292500e+02	6.3831496743e+00
6.5460217300e+02	7.3421750607e+00
6.5533142100e+02	7.7182144882e+00
6.5606079100e+02	8.8675290144e+00
6.5679003900e+02	8.7020602801e+00
6.5751928700e+02	9.3145671170e+00
6.5824859600e+02	9.4848192718e+00
6.5897790500e+02	1.0153702310e+01
6.5970715300e+02	9.9965273159e+00
6.6043640100e+02	9.4580326409e+00
6.6116571000e+02	9.9698370217e+00
6.6189502000e+02	1.0036412486e+01
6.6262426800e+02	9.6620122569e+00
6.6335357700e+02	9.1443230603e+00
6.6408288600e+02	8.8992384453e+00
6.6481213400e+02	8.9662471834e+00
6.6554138200e+02	9.0690943113e+00
6.6627069100e+02	9.1772797194e+00
6.6700000000e+02	8.8845286855e+00
6.6772924800e+02	8.9139168803e+00
6.6845849600e+02	8.6099014516e+00
6.6918786600e+02	8.7887261905e+00
6.6991711400e+02	8.3468562998e+00
6.7064636200e+02	1.3672805101e+01
6.7137567100e+02	1.3937595961e+01
6.7210498000e+02	1.4117146088e+01
6.7283422900e+02	1.6172123568e+01
6.7356347700e+02	1.3947128619e+01
6.7429278600e+02	1.6936771123e+01
6.7502209500e+02	1.4836390750e+01
6.7575134300e+02	1.7162543102e+01
6.7648065200e+02	1.5903761232e+01
6.7720996100e+02	1.7820494375e+01
6.7793920900e+02	1.6489525631e+01
6.7866845700e+02	1.9883251056e+01
6.7939776600e+02	1.7069365061e+01
6.8012707500e+02	1.9470378526e+01
6.8085632300e+02	1.7041154044e+01
6.8158557100e+02	2.0509434515e+01
6.8231494100e+02	2.0150819166e+01
6.8304418900e+02	1.8919207547e+01
6.8377343800e+02	1.6652604365e+01
6.8450274700e+02	1.7694167006e+01
6.8523205600e+02	1.4424904833e+01
6.8596130400e+02	1.9545911476e+01
6.8669055200e+02	1.8311638532e+01
6.8741986100e+02	1.5995273843e+01
6.8814917000e+02	1.6970648545e+01
6.8887841800e+02	1.7823431465e+01
6.8960766600e+02	1.5653043957e+01
6.9033703600e+02	1.8361813187e+01
6.9106628400e+02	1.6772453729e+01
6.9179553200e+02	1.7687128256e+01
6.9252484100e+02	1.2811355189e+01
6.9325415000e+02	1.7616236918e+01
6.9398339800e+02	1.5063768043e+01
6.9471264600e+02	1.6390841972e+01
6.9544195600e+02	1.4242793033e+01
6.9617126500e+02	1.1418972869e+01
6.9690051300e+02	1.2736525798e+01
6.9762982200e+02	1.3658812905e+01
6.9835913100e+02	1.0910106748e+01
6.9908837900e+02	1.2283762166e+01
6.9981762700e+02	1.2043165494e+01
7.0054693600e+02	1.1876692873e+01
7.0127624500e+02	9.5754897758e+00
7.0200549300e+02	7.6614103198e+00
7.0273474100e+02	8.7459850125e+00
7.0346411100e+02	9.4940593990e+00
7.0419335900e+02	1.0669593857e+01
7.0492260700e+02	1.0363051226e+01
7.0565191700e+02	7.4603093204e+00
7.0638122600e+02	9.8476166529e+00
7.0711047400e+02	1.0954214646e+01
7.0783972200e+02	6.4601653747e+00
7.0856903100e+02	5.0589956041e+00
7.0929834000e+02	1.0239150155e+01
7.1002758800e+02	3.0927863554e+00
7.1075683600e+02	6.4762774675e+00
7.1148620600e+02	6.9098408391e+00
7.1221545400e+02	3.4044569139e+00
7.1294470200e+02	6.8894966014e+00
7.1367401100e+02	5.7893733409e+00
7.1440332000e+02	3.2681208950e+00
7.1513256800e+02	6.8715248366e+00
7.1586181600e+02	5.5209134782e+00
7.1659118700e+02	4.2366654263e+00
7.1732043500e+02	1.0471486120e+01
7.1804968300e+02	6.6219399365e+00
7.1877899200e+02	5.7618749163e+00
7.1950830100e+02	5.4877197842e+00
7.2023754900e+02	6.6836122758e+00
7.2096679700e+02	7.6385787251e+00
7.2169610600e+02	7.5519361266e+00
7.2242541500e+02	6.4479969070e+00
7.2315466300e+02	4.1034297014e+00
7.2388391100e+02	4.7431496906e+00
7.2461328100e+02	8.4870101300e+00
7.2534252900e+02	7.9847015059e+00
7.2607177700e+02	7.4926432923e+00
7.2680108600e+02	8.5868034238e+00
7.2753039600e+02	9.9675156643e+00
7.2825964400e+02	6.5437727988e+00
7.2898889200e+02	7.3740811588e+00
7.2971820100e+02	1.0783653889e+01
7.3044751000e+02	7.7344085716e+00
7.3117675800e+02	1.0841292521e+01
7.3190606700e+02	8.3661463001e+00
7.3263537600e+02	7.4626292337e+00
7.3336462400e+02	6.7891722041e+00
7.3409387200e+02	9.5477806238e+00
7.3482318100e+02	6.5868692712e+00
7.3555249000e+02	9.4227456284e+00
7.3628173800e+02	9.2571738952e+00
7.3701098600e+02	8.3826404852e+00
7.3774035600e+02	8.4139781468e+00
7.3846960400e+02	9.1971779577e+00
7.3919885300e+02	9.4682784635e+00
7.3992816200e+02	8.6643621423e+00
7.4065747100e+02	7.0854756311e+00
7.4138671900e+02	1.1139025475e+01
7.4211596700e+02	1.0479979370e+01
7.4284527600e+02	8.0311051076e+00
7.4357458500e+02	8.0155310896e+00
7.4430383300e+02	9.7543624201e+00
7.4503308100e+02	7.8905259851e+00
7.4576245100e+02	9.8215257355e+00
7.4649169900e+02	9.9526943161e+00
7.4722094700e+02	8.0447775370e+00
7.4795025600e+02	7.9079576540e+00
7.4867956500e+02	8.7541105825e+00
7.4940881300e+02	7.7891439753e+00
7.5013806200e+02	7.7458274621e+00
7.5086737100e+02	9.0747775753e+00
7.5159668000e+02	8.4734168538e+00
7.5232592800e+02	1.0117282788e+01
