# Filename: guide/20241120megacomplex77K_PSII1_fitted.ascii
 
Time explicit
Intervalnr 1
2.37309027
6.3053588900e+02	4.0856207306e-14
6.3126513700e+02	1.7763568394e-15
6.3199444600e+02	1.0198828708e-85
6.3272375500e+02	8.1076156947e-81
6.3345300300e+02	3.2224990356e-76
6.3418225100e+02	6.7698114625e-72
6.3491162100e+02	7.9058150333e-68
6.3564086900e+02	5.3461688572e-64
6.3637011700e+02	2.1816651663e-60
6.3709942600e+02	5.5723165574e-57
6.3782873500e+02	9.1960977694e-54
6.3855798300e+02	1.0094620420e-50
6.3928723100e+02	7.5766385005e-48
6.4001654100e+02	3.9873152804e-45
6.4074585000e+02	1.5039672704e-42
6.4147509800e+02	4.1489413510e-40
6.4220440700e+02	8.5396773146e-38
6.4293371600e+02	1.3339657981e-35
6.4366296400e+02	1.6065426919e-33
6.4439221200e+02	1.5147943412e-31
6.4512152100e+02	1.1341772863e-29
6.4585083000e+02	6.8275982128e-28
6.4658007800e+02	3.3430471894e-26
6.4730932600e+02	1.3466637415e-24
6.4803869600e+02	4.5116723922e-23
6.4876794400e+02	1.2677583965e-21
6.4949719200e+02	3.0165389392e-20
6.5022650100e+02	6.1305363237e-19
6.5095581100e+02	1.0722418797e-17
6.5168505900e+02	1.6254781037e-16
6.5241430700e+02	2.1511060646e-15
6.5314361600e+02	2.5016620712e-14
6.5387292500e+02	2.5717206480e-13
6.5460217300e+02	2.3499080528e-12
6.5533142100e+02	1.9192563054e-11
6.5606079100e+02	1.4086815994e-10
6.5679003900e+02	9.3299191902e-10
6.5751928700e+02	5.6032144032e-09
6.5824859600e+02	3.0648083457e-08
6.5897790500e+02	1.5327142741e-07
6.5970715300e+02	7.0342033322e-07
6.6043640100e+02	2.9736796431e-06
6.6116571000e+02	1.1620763393e-05
6.6189502000e+02	4.2110884218e-05
6.6262426800e+02	1.4192799005e-04
6.6335357700e+02	4.4628926708e-04
6.6408288600e+02	1.3128121025e-03
6.6481213400e+02	3.6219278253e-03
6.6554138200e+02	9.3964000502e-03
6.6627069100e+02	2.2979452463e-02
6.6700000000e+02	5.3092113098e-02
6.6772924800e+02	1.1613147425e-01
6.6845849600e+02	2.4100815426e-01
6.6918786600e+02	4.7553499133e-01
6.6991711400e+02	8.9356062232e-01
6.7064636200e+02	1.6021057348e+00
6.7137567100e+02	2.7456900172e+00
6.7210498000e+02	4.5050436049e+00
6.7283422900e+02	7.0876629661e+00
6.7356347700e+02	1.0708708196e+01
6.7429278600e+02	1.5561141697e+01
6.7502209500e+02	2.1777163454e+01
6.7575134300e+02	2.9388816663e+01
6.7648065200e+02	3.8296350781e+01
6.7720996100e+02	4.8244166651e+01
6.7793920900e+02	5.8822753341e+01
6.7866845700e+02	6.9495236056e+01
6.7939776600e+02	7.9642674831e+01
6.8012707500e+02	8.8625823956e+01
6.8085632300e+02	9.5857819320e+01
6.8158557100e+02	1.0087107076e+02
6.8231494100e+02	1.0336582531e+02
6.8304418900e+02	1.0323772535e+02
6.8377343800e+02	1.0058251193e+02
6.8450274700e+02	9.5671333641e+01
6.8523205600e+02	8.8911670137e+01
6.8596130400e+02	8.0795384092e+01
6.8669055200e+02	7.1842450202e+01
6.8741986100e+02	6.2552931107e+01
6.8814917000e+02	5.3370771056e+01
6.8887841800e+02	4.4658500659e+01
6.8960766600e+02	3.6687862625e+01
6.9033703600e+02	2.9648441874e+01
6.9106628400e+02	2.3671340627e+01
6.9179553200e+02	1.8848781256e+01
6.9252484100e+02	1.5262392682e+01
6.9325415000e+02	1.2990129880e+01
6.9398339800e+02	1.2083575719e+01
6.9471264600e+02	1.2515200126e+01
6.9544195600e+02	1.4110552191e+01
6.9617126500e+02	1.6498252311e+01
6.9690051300e+02	1.9120231031e+01
6.9762982200e+02	2.1324259191e+01
6.9835913100e+02	2.2518032300e+01
6.9908837900e+02	2.2333059282e+01
6.9981762700e+02	2.0725291633e+01
7.0054693600e+02	1.7968714069e+01
7.0127624500e+02	1.4548795836e+01
7.0200549300e+02	1.1003375161e+01
7.0273474100e+02	7.7772682015e+00
7.0346411100e+02	5.1403660895e+00
7.0419335900e+02	3.1800197121e+00
7.0492260700e+02	1.8428249050e+00
7.0565191700e+02	1.0012553664e+00
7.0638122600e+02	5.1060955794e-01
7.0711047400e+02	2.4472235231e-01
7.0783972200e+02	1.1039025890e-01
7.0856903100e+02	4.6958019729e-02
7.0929834000e+02	1.8894637428e-02
7.1002758800e+02	7.2265741960e-03
7.1075683600e+02	2.6483720566e-03
7.1148620600e+02	9.4291917612e-04
7.1221545400e+02	3.3395214241e-04
7.1294470200e+02	1.2176090738e-04
7.1367401100e+02	4.7546797068e-05
7.1440332000e+02	2.0426084841e-05
7.1513256800e+02	9.6317915292e-06
7.1586181600e+02	4.8583931029e-06
7.1659118700e+02	2.5450240518e-06
7.1732043500e+02	1.3557656330e-06
7.1804968300e+02	7.2567490958e-07
7.1877899200e+02	3.8800949612e-07
7.1950830100e+02	2.0674511515e-07
7.2023754900e+02	1.0968330333e-07
7.2096679700e+02	5.7918837504e-08
7.2169610600e+02	3.0440323629e-08
7.2242541500e+02	1.5925536581e-08
7.2315466300e+02	8.2953439787e-09
7.2388391100e+02	4.3023610183e-09
7.2461328100e+02	2.2218943199e-09
7.2534252900e+02	1.1429811639e-09
7.2607177700e+02	5.8568430595e-10
7.2680108600e+02	2.9897061080e-10
7.2753039600e+02	1.5205902170e-10
7.2825964400e+02	7.7071413694e-11
7.2898889200e+02	3.8931279281e-11
7.2971820100e+02	1.9599886105e-11
7.3044751000e+02	9.8362976316e-12
7.3117675800e+02	4.9215952826e-12
7.3190606700e+02	2.4551179221e-12
7.3263537600e+02	1.2212408743e-12
7.3336462400e+02	6.0584613806e-13
7.3409387200e+02	2.9975947892e-13
7.3482318100e+02	1.4792756382e-13
7.3555249000e+02	7.2821069558e-14
7.3628173800e+02	3.5765330636e-14
7.3701098600e+02	1.7525787745e-14
7.3774035600e+02	8.5681779420e-15
7.3846960400e+02	4.1805711518e-15
7.3919885300e+02	2.0356462620e-15
7.3992816200e+02	9.8923147727e-16
7.4065747100e+02	4.7982406788e-16
7.4138671900e+02	2.3233466785e-16
7.4211596700e+02	1.1230519015e-16
7.4284527600e+02	5.4193141241e-17
7.4357458500e+02	2.6109855669e-17
7.4430383300e+02	1.2561360669e-17
7.4503308100e+02	6.0345310705e-18
7.4576245100e+02	2.8946756850e-18
7.4649169900e+02	1.3868841925e-18
7.4722094700e+02	6.6364831924e-19
7.4795025600e+02	3.1717046388e-19
7.4867956500e+02	1.5141077544e-19
7.4940881300e+02	7.2207454757e-20
7.5013806200e+02	3.4400564730e-20
7.5086737100e+02	1.6372124584e-20
7.5159668000e+02	7.7848472402e-21
7.5232592800e+02	3.6987109243e-21
