# Filename: guide/20241120megacomplex77K_PSI1_fitted.ascii
 
Time explicit
Intervalnr 1
2.37309027
6.3053588900e+02	1.1368683772e-13
6.3126513700e+02	0.0000000000e+00
6.3199444600e+02	0.0000000000e+00
6.3272375500e+02	0.0000000000e+00
6.3345300300e+02	0.0000000000e+00
6.3418225100e+02	0.0000000000e+00
6.3491162100e+02	0.0000000000e+00
6.3564086900e+02	0.0000000000e+00
6.3637011700e+02	0.0000000000e+00
6.3709942600e+02	0.0000000000e+00
6.3782873500e+02	0.0000000000e+00
6.3855798300e+02	0.0000000000e+00
6.3928723100e+02	0.0000000000e+00
6.4001654100e+02	0.0000000000e+00
6.4074585000e+02	0.0000000000e+00
6.4147509800e+02	0.0000000000e+00
6.4220440700e+02	0.0000000000e+00
6.4293371600e+02	0.0000000000e+00
6.4366296400e+02	0.0000000000e+00
6.4439221200e+02	0.0000000000e+00
6.4512152100e+02	0.0000000000e+00
6.4585083000e+02	0.0000000000e+00
6.4658007800e+02	0.0000000000e+00
6.4730932600e+02	0.0000000000e+00
6.4803869600e+02	0.0000000000e+00
6.4876794400e+02	0.0000000000e+00
6.4949719200e+02	0.0000000000e+00
6.5022650100e+02	0.0000000000e+00
6.5095581100e+02	3.5564748029e-155
6.5168505900e+02	1.4484993843e-101
6.5241430700e+02	3.7202590150e-78
6.5314361600e+02	5.7154695119e-64
6.5387292500e+02	3.8099867526e-54
6.5460217300e+02	8.0893205635e-47
6.5533142100e+02	4.3653390225e-41
6.5606079100e+02	1.8919294581e-36
6.5679003900e+02	1.3181719940e-32
6.5751928700e+02	2.3259066341e-29
6.5824859600e+02	1.4160090960e-26
6.5897790500e+02	3.7008516502e-24
6.5970715300e+02	4.8742202517e-22
6.6043640100e+02	3.6524252908e-20
6.6116571000e+02	1.7093959863e-18
6.6189502000e+02	5.3726529713e-17
6.6262426800e+02	1.2015387408e-15
6.6335357700e+02	2.0049590744e-14
6.6408288600e+02	2.5933279133e-13
6.6481213400e+02	2.6835892299e-12
6.6554138200e+02	2.2819671388e-11
6.6627069100e+02	1.6308948623e-10
6.6700000000e+02	9.9826516120e-10
6.6772924800e+02	5.3184072906e-09
6.6845849600e+02	2.5014507178e-08
6.6918786600e+02	1.0516147351e-07
6.6991711400e+02	3.9918034681e-07
6.7064636200e+02	1.3812393887e-06
6.7137567100e+02	4.3928385100e-06
6.7210498000e+02	1.2932708709e-05
6.7283422900e+02	3.5469318196e-05
6.7356347700e+02	9.1150016272e-05
6.7429278600e+02	2.2062399949e-04
6.7502209500e+02	5.0524010682e-04
6.7575134300e+02	1.0991527091e-03
6.7648065200e+02	2.2803886966e-03
6.7720996100e+02	4.5267552759e-03
6.7793920900e+02	8.6238309288e-03
6.7866845700e+02	1.5811919166e-02
6.7939776600e+02	2.7974615868e-02
6.8012707500e+02	4.7865826622e-02
6.8085632300e+02	7.9373530882e-02
6.8158557100e+02	1.2781539237e-01
6.8231494100e+02	2.0024418965e-01
6.8304418900e+02	3.0567492111e-01
6.8377343800e+02	4.5538651158e-01
6.8450274700e+02	6.6305134958e-01
6.8523205600e+02	9.4474424141e-01
6.8596130400e+02	1.3188533357e+00
6.8669055200e+02	1.8059107991e+00
6.8741986100e+02	2.4281692796e+00
6.8814917000e+02	3.2089019851e+00
6.8887841800e+02	4.1717147759e+00
6.8960766600e+02	5.3398936966e+00
6.9033703600e+02	6.7355254255e+00
6.9106628400e+02	8.3776082213e+00
6.9179553200e+02	1.0282479195e+01
6.9252484100e+02	1.2462206891e+01
6.9325415000e+02	1.4923468251e+01
6.9398339800e+02	1.7667143310e+01
6.9471264600e+02	2.0688380426e+01
6.9544195600e+02	2.3976004924e+01
6.9617126500e+02	2.7511849537e+01
6.9690051300e+02	3.1271428045e+01
6.9762982200e+02	3.5225369712e+01
6.9835913100e+02	3.9338146051e+01
6.9908837900e+02	4.3569736729e+01
6.9981762700e+02	4.7877304264e+01
7.0054693600e+02	5.2215524079e+01
7.0127624500e+02	5.6536892047e+01
7.0200549300e+02	6.0793541567e+01
7.0273474100e+02	6.4939019828e+01
7.0346411100e+02	6.8928846898e+01
7.0419335900e+02	7.2719143745e+01
7.0492260700e+02	7.6271445760e+01
7.0565191700e+02	7.9550935286e+01
7.0638122600e+02	8.2526798112e+01
7.0711047400e+02	8.5173317365e+01
7.0783972200e+02	8.7470472500e+01
7.0856903100e+02	8.9403458422e+01
7.0929834000e+02	9.0962423128e+01
7.1002758800e+02	9.2142809727e+01
7.1075683600e+02	9.2945220273e+01
7.1148620600e+02	9.3374754468e+01
7.1221545400e+02	9.3440537236e+01
7.1294470200e+02	9.3155701756e+01
7.1367401100e+02	9.2536495067e+01
7.1440332000e+02	9.1602025225e+01
7.1513256800e+02	9.0373781300e+01
7.1586181600e+02	8.8874842876e+01
7.1659118700e+02	8.7129333817e+01
7.1732043500e+02	8.5163119759e+01
7.1804968300e+02	8.3001611075e+01
7.1877899200e+02	8.0670315556e+01
7.1950830100e+02	7.8194800588e+01
7.2023754900e+02	7.5600058082e+01
7.2096679700e+02	7.2909768607e+01
7.2169610600e+02	7.0146482817e+01
7.2242541500e+02	6.7331940482e+01
7.2315466300e+02	6.4486493552e+01
7.2388391100e+02	6.1628515226e+01
7.2461328100e+02	5.8774572287e+01
7.2534252900e+02	5.5941068532e+01
7.2607177700e+02	5.3141371666e+01
7.2680108600e+02	5.0387517105e+01
7.2753039600e+02	4.7690459087e+01
7.2825964400e+02	4.5059654586e+01
7.2898889200e+02	4.2502680996e+01
7.2971820100e+02	4.0025801603e+01
7.3044751000e+02	3.7634445627e+01
7.3117675800e+02	3.5332848893e+01
7.3190606700e+02	3.3123602832e+01
7.3263537600e+02	3.1008905656e+01
7.3336462400e+02	2.8990044500e+01
7.3409387200e+02	2.7067174532e+01
7.3482318100e+02	2.5239787428e+01
7.3555249000e+02	2.3507079529e+01
7.3628173800e+02	2.1867688840e+01
7.3701098600e+02	2.0319522217e+01
7.3774035600e+02	1.8860021134e+01
7.3846960400e+02	1.7487040765e+01
7.3919885300e+02	1.6197445017e+01
7.3992816200e+02	1.4988061784e+01
7.4065747100e+02	1.3855776938e+01
7.4138671900e+02	1.2797351851e+01
7.4211596700e+02	1.1809304251e+01
7.4284527600e+02	1.0888149029e+01
7.4357458500e+02	1.0030563877e+01
7.4430383300e+02	9.2332349565e+00
7.4503308100e+02	8.4927624610e+00
7.4576245100e+02	7.8057806274e+00
7.4649169900e+02	7.1693492542e+00
7.4722094700e+02	6.5802773766e+00
7.4795025600e+02	6.0355571677e+00
7.4867956500e+02	5.5323900759e+00
7.4940881300e+02	5.0680839514e+00
7.5013806200e+02	4.6399894715e+00
7.5086737100e+02	4.2455968708e+00
7.5159668000e+02	3.8825891785e+00
7.5232592800e+02	3.5487651745e+00
