RT400_580excdPSII_PBSe0.ascii                                                                                                                                                                            
                                                                                
 Time explicit
 Intervalnr            1
           4
   650.846191      0.518299997    
   653.923096      0.845499992    
   657.000000      0.894100010    
   660.076904       1.28299999    
   663.153870       1.74000001    
   666.230774       2.30900002    
   669.307678       2.47099996    
   672.384583       2.57299995    
   675.461487       2.52999997    
   678.538513       2.24900007    
   681.615417       2.03999996    
   684.692322       1.90999997    
   687.769226       1.51600003    
   690.846191       1.29499996    
   693.923096       1.02400005    
   697.000000      0.850199997    
   700.076904      0.720399976    
   703.153870      0.647899985    
   706.230774      0.523100019    
   709.307678      0.509400010    
   712.384583      0.516600013    
   715.461487      0.422699988    
   718.538513      0.437999994    
   721.615417      0.450199991    
   724.692322      0.346599996    
   727.769226      0.269400001    
   730.846191      0.291299999    
   733.923096      0.260899991    
   737.000000      0.250000000    
   740.076904      0.188800007    
   743.153870      0.228000000    
   746.230774      0.281899989    
   748.923096      0.242200002    
