RT400_580excdPSII_PBSh.ascii                                                                                                                                                                            
                                                                                
 Time explicit
 Intervalnr            1
           1
   607.769226       8.04300010E-02
   610.846191      0.101300001    
   613.923096      0.130400002    
   617.000000      0.164199993    
   620.076904      0.194700003    
   623.153870      0.231900007    
   626.230774      0.306199998    
   629.307678      0.427500010    
   632.384583      0.556699991    
   635.461487      0.739099979    
   638.538513      0.977599978    
   641.615417       1.26699996    
   644.692322       1.71500003    
   647.769226       2.17199993    
   650.846191       2.26200008    
   653.923096       2.39100003    
   657.000000       2.63599992    
   660.076904       2.54099989    
   663.153870       2.16899991    
   666.230774       1.63999999    
   669.307678       1.30999994    
   672.384583       1.06099999    
   675.461487      0.852699995    
   678.538513      0.783599973    
   681.615417      0.641300023    
   684.692322      0.425799996    
   687.769226      0.432500005    
   690.846191      0.342299998    
   693.923096      0.325899988    
   697.000000      0.292400002    
   700.076904      0.295399994    
   703.153870      0.269899994    
   706.230774      0.276100010    
   709.307678      0.246600002    
   712.384583      0.191799998    
   715.461487      0.236800000    
   718.538513      0.190799996    
   721.615417      0.158099994    
   724.692322      0.199000001    
   727.769226      0.234799996    
   730.846191      0.201700002    
   733.923096      0.196099997    
   737.000000      0.186399996    
   740.076904      0.201399997    
   743.153870      0.153200001    
   746.230774       8.84699970E-02
   748.923096       9.32200029E-02
