RT400_580excdPSII_PBSj.ascii                                                                                                                                                                            
                                                                                
 Time explicit
 Intervalnr            1
           5
   607.769226      0.197400004    
   610.846191      0.271200001    
   613.923096      0.383100003    
   617.000000      0.555499971    
   620.076904      0.773100019    
   623.153870       1.04499996    
   626.230774       1.27900004    
   629.307678       1.52900004    
   632.384583       1.80499995    
   635.461487       2.05999994    
   638.538513       2.19099998    
   641.615417       2.33100009    
   644.692322       2.25799990    
   647.769226       2.10700011    
   650.846191       1.96599996    
   653.923096       1.74800003    
   657.000000       1.42400002    
   660.076904       1.13300002    
   663.153870      0.943499982    
   666.230774      0.749899983    
   669.307678      0.619599998    
   672.384583      0.499500006    
   675.461487      0.416000009    
   678.538513      0.300300002    
   681.615417      0.263300002    
   684.692322      0.280000001    
   687.769226      0.247299999    
   690.846191      0.261999995    
   693.923096      0.260899991    
   697.000000      0.287099987    
   700.076904      0.273499995    
   703.153870      0.249300003    
   706.230774      0.253800005    
   709.307678      0.231600001    
   712.384583      0.241999999    
   715.461487      0.207900003    
   718.538513      0.211300001    
   721.615417      0.193299994    
   724.692322      0.171000004    
   727.769226      0.125900000    
   730.846191      0.104400001    
   733.923096       9.14800018E-02
   737.000000       7.38200024E-02
   740.076904       6.44199997E-02
   743.153870       5.71999997E-02
   746.230774       5.96599989E-02
   748.923096       4.27099988E-02
