RT400_580excdPSII_PBSg.ascii                                                                                                                                                                            
                                                                                
 Time explicit
 Intervalnr            1
           8
   607.769226      0.888999999    
   610.846191       1.17299998    
   613.923096       1.45500004    
   617.000000       1.76199996    
   620.076904       1.97700000    
   623.153870       2.13599992    
   626.230774       2.41199994    
   629.307678       2.47799993    
   632.384583       2.40100002    
   635.461487       2.18300009    
   638.538513       2.03699994    
   641.615417       1.49100006    
   644.692322       1.27999997    
   647.769226      0.990300000    
   650.846191      0.720499992    
   653.923096      0.512300014    
   657.000000      0.397799999    
   660.076904      0.450100005    
   663.153870      0.328399986    
   666.230774      0.355599999    
   669.307678      0.285800010    
   672.384583      0.345499992    
   675.461487      0.349900007    
   678.538513      0.474900007    
   681.615417      0.484400004    
   684.692322      0.457399994    
   687.769226      0.436600000    
   690.846191      0.425799996    
   693.923096      0.399699986    
   697.000000      0.309799999    
   700.076904      0.321200013    
   703.153870      0.324499995    
   706.230774      0.265399992    
   709.307678      0.244299993    
   712.384583      0.173099995    
   715.461487      0.179800004    
   718.538513      0.115699999    
   721.615417       8.74700025E-02
   724.692322       6.50599971E-02
   727.769226      0.102499999    
   730.846191      0.120700002    
   733.923096       8.26700032E-02
   737.000000       9.09200013E-02
   740.076904       3.20699997E-02
   743.153870       3.86499986E-02
   746.230774       3.72500010E-02
   748.923096       5.13099991E-02
