# Filename: guide/20240730DG_WT_PBS_77Kstreak_target_APC680.ascii
 
Time explicit
Intervalnr 1
19.4186287
5.9025006100e+02	9.8505251575e-01
5.9239910900e+02	8.3986848263e-01
5.9454815700e+02	6.0254306489e-01
5.9669726600e+02	8.6815384816e-01
5.9884631300e+02	6.2796887320e-01
6.0099536100e+02	0.0000000000e+00
6.0314447000e+02	3.6656123034e-01
6.0529351800e+02	2.2632394462e+00
6.0744256600e+02	1.7222836230e+00
6.0959167500e+02	4.5588229459e+00
6.1174072300e+02	4.5553330375e+00
6.1388977100e+02	6.2131539977e+00
6.1603881800e+02	3.2457267408e+00
6.1818792700e+02	7.6364504599e-01
6.2033697500e+02	1.8279558433e+00
6.2248608400e+02	1.3387799242e+00
6.2463513200e+02	1.4659350393e+00
6.2678418000e+02	1.9979618688e+00
6.2893322800e+02	1.5274217032e+00
6.3108233600e+02	2.0311786347e+00
6.3323138400e+02	1.6105072871e+00
6.3538049300e+02	7.9124667892e-01
6.3752954100e+02	0.0000000000e+00
6.3967858900e+02	2.3751389119e+00
6.4182763700e+02	0.0000000000e+00
6.4397674600e+02	0.0000000000e+00
6.4612579300e+02	1.9308528364e+00
6.4827490200e+02	5.8168430325e+00
6.5042395000e+02	6.1929660224e+00
6.5257299800e+02	7.1755469371e+00
6.5472204600e+02	8.9410148374e+00
6.5687115500e+02	1.1918262855e+01
6.5902020300e+02	1.9700815760e+01
6.6116931200e+02	2.2642530508e+01
6.6331835900e+02	3.0828966704e+01
6.6546740700e+02	4.7516239590e+01
6.6761645500e+02	6.2218463042e+01
6.6976556400e+02	8.5513697452e+01
6.7191461200e+02	1.3205497823e+02
6.7406372100e+02	2.0377140719e+02
6.7621276900e+02	3.0059614332e+02
6.7836181600e+02	4.1612211818e+02
6.8051086400e+02	4.7422888006e+02
6.8265997300e+02	5.0967357996e+02
6.8480902100e+02	4.7312468184e+02
6.8695813000e+02	3.9900227916e+02
6.8910717800e+02	3.1572646455e+02
6.9125622600e+02	2.3664750092e+02
6.9340527300e+02	1.7759809246e+02
6.9555438200e+02	1.4289861161e+02
6.9770343000e+02	1.0889774492e+02
6.9985253900e+02	9.3789867236e+01
7.0200158700e+02	7.0158908209e+01
7.0415063500e+02	7.1631016696e+01
7.0629968300e+02	6.7984300844e+01
7.0844879200e+02	5.7601174767e+01
7.1059783900e+02	5.6245495030e+01
7.1274694800e+02	5.3817199900e+01
7.1489599600e+02	5.7377342847e+01
7.1704504400e+02	5.2397458237e+01
7.1919409200e+02	4.6482890603e+01
7.2134320100e+02	4.5527472992e+01
7.2349224900e+02	4.5703703390e+01
7.2564135700e+02	4.1964674519e+01
7.2779040500e+02	4.3720151558e+01
7.2993945300e+02	3.8852103154e+01
7.3208850100e+02	4.0296511433e+01
7.3423761000e+02	3.6617587745e+01
7.3638665800e+02	4.4166158284e+01
7.3853576700e+02	4.1601516332e+01
7.4068481400e+02	4.5330835589e+01
7.4283386200e+02	4.5763079120e+01
7.4498291000e+02	4.9415777943e+01
7.4713201900e+02	5.2170393292e+01
7.4928106700e+02	5.0333121927e+01
7.5143017600e+02	4.9494763040e+01
7.5357922400e+02	4.8936949474e+01
7.5572827100e+02	4.2721553230e+01
7.5787731900e+02	4.0387761917e+01
7.6002642800e+02	3.9389259237e+01
7.6217547600e+02	3.6921296810e+01
7.6432458500e+02	3.4911665619e+01
7.6647363300e+02	3.6147839950e+01
7.6862268100e+02	3.1603504900e+01
7.7077172900e+02	2.7863671124e+01
7.7292083700e+02	2.3613392874e+01
7.7506988500e+02	2.1846861276e+01
7.7721899400e+02	1.7537615178e+01
7.7936804200e+02	1.6957221891e+01
7.8151709000e+02	1.3803679423e+01
7.8366613800e+02	1.1882603130e+01
7.8581524700e+02	1.0210853243e+01
7.8796429400e+02	9.4961930257e+00
7.9011340300e+02	7.4355172251e+00
7.9226245100e+02	7.0246030143e+00
7.9441149900e+02	7.4128162465e+00
7.9656054700e+02	7.0004546685e+00
7.9870965600e+02	5.3819423844e+00
8.0085870400e+02	6.0873278791e+00
8.0300781200e+02	5.6173782672e+00
8.0515686000e+02	5.0388178791e+00
8.0730590800e+02	5.7372556843e+00
8.0945495600e+02	4.6534814978e+00
8.1160406500e+02	5.3882730457e+00
8.1375311300e+02	5.0384559204e+00
8.1590222200e+02	4.6494243867e+00
8.1805127000e+02	5.2269266768e+00
8.2020031700e+02	3.9777393804e+00
8.2234936500e+02	3.2530952293e+00
8.2449847400e+02	4.1655453784e+00
8.2664752200e+02	2.8533229770e+00
8.2879663100e+02	3.4163869943e+00
8.3094567900e+02	3.8453134423e+00
8.3309472700e+02	2.6903443970e+00
8.3524377400e+02	2.5070020346e+00
8.3739288300e+02	3.0033050194e+00
8.3954193100e+02	2.5990191935e+00
8.4169104000e+02	2.8131691633e+00
8.4384008800e+02	2.6603031692e+00
8.4598913600e+02	2.7103544514e+00
8.4813818400e+02	2.2241714503e+00
