# Filename: guide/20240720PSend_77Kstreak_target_PSIend.ascii
 
Time explicit
Intervalnr 1
11.0931988
6.2937426800e+02	0.0000000000e+00
6.3152331500e+02	0.0000000000e+00
6.3367242400e+02	0.0000000000e+00
6.3582147200e+02	0.0000000000e+00
6.3797052000e+02	0.0000000000e+00
6.4011962900e+02	0.0000000000e+00
6.4226867700e+02	0.0000000000e+00
6.4441772500e+02	0.0000000000e+00
6.4656683300e+02	0.0000000000e+00
6.4871588100e+02	0.0000000000e+00
6.5086492900e+02	0.0000000000e+00
6.5301403800e+02	0.0000000000e+00
6.5516308600e+02	0.0000000000e+00
6.5731213400e+02	0.0000000000e+00
6.5946124300e+02	0.0000000000e+00
6.6161029100e+02	0.0000000000e+00
6.6375933800e+02	0.0000000000e+00
6.6590844700e+02	0.0000000000e+00
6.6805749500e+02	0.0000000000e+00
6.7020654300e+02	0.0000000000e+00
6.7235565200e+02	0.0000000000e+00
6.7450470000e+02	0.0000000000e+00
6.7665374800e+02	0.0000000000e+00
6.7880285600e+02	0.0000000000e+00
6.8095190400e+02	0.0000000000e+00
6.8310095200e+02	0.0000000000e+00
6.8525006100e+02	0.0000000000e+00
6.8739910900e+02	0.0000000000e+00
6.8954815700e+02	0.0000000000e+00
6.9169726600e+02	0.0000000000e+00
6.9384631300e+02	2.6587511226e-01
6.9599536100e+02	6.3648113967e-01
6.9814447000e+02	1.1084888536e+00
7.0029351800e+02	1.7675349703e+00
7.0244256600e+02	1.3526713367e+00
7.0459167500e+02	1.7380798442e+00
7.0674072300e+02	2.6572913830e+00
7.0888977100e+02	3.4470572525e+00
7.1103881800e+02	4.8155548322e+00
7.1318792700e+02	7.6565589247e+00
7.1533697500e+02	1.0382950132e+01
7.1748608400e+02	1.7108298550e+01
7.1963513200e+02	2.1568909870e+01
7.2178418000e+02	2.7502372755e+01
7.2393322800e+02	3.0805210965e+01
7.2608233600e+02	3.3132914072e+01
7.2823138400e+02	3.6141999538e+01
7.3038049300e+02	3.4919528899e+01
7.3252954100e+02	3.3838923158e+01
7.3467858900e+02	3.1819856336e+01
7.3682763700e+02	2.9907035529e+01
7.3897674600e+02	2.7807637565e+01
7.4112579300e+02	2.4349457243e+01
7.4327490200e+02	2.1427354983e+01
7.4542395000e+02	1.8894109087e+01
7.4757299800e+02	1.6410624322e+01
7.4972204600e+02	1.4358375270e+01
7.5187115500e+02	1.2766013875e+01
7.5402020300e+02	1.1378893718e+01
7.5616931200e+02	1.0263303710e+01
7.5831835900e+02	7.9017215055e+00
7.6046740700e+02	7.6473557450e+00
7.6261645500e+02	6.8905512461e+00
7.6476556400e+02	6.4332514878e+00
7.6691461200e+02	5.4994968338e+00
7.6906372100e+02	5.5869461444e+00
7.7121276900e+02	4.6157978629e+00
7.7336181600e+02	4.4180827416e+00
7.7551086400e+02	4.0857143178e+00
7.7765997300e+02	3.8850464958e+00
7.7980902100e+02	4.1414868217e+00
7.8195813000e+02	4.2145063646e+00
7.8410717800e+02	3.7494949762e+00
7.8625622600e+02	3.3575138724e+00
7.8840527300e+02	4.2343037453e+00
7.9055438200e+02	3.5499131792e+00
7.9270343000e+02	3.4496893862e+00
7.9485253900e+02	3.7456891929e+00
7.9700158700e+02	4.0341919800e+00
7.9915063500e+02	3.4061176385e+00
8.0129968300e+02	2.9244800590e+00
8.0344879200e+02	3.1393644318e+00
8.0559783900e+02	3.0976386305e+00
8.0774694800e+02	3.2166010690e+00
8.0989599600e+02	2.8637070851e+00
8.1204504400e+02	2.7990663536e+00
8.1419409200e+02	2.5528948583e+00
8.1634320100e+02	2.9655381064e+00
8.1849224900e+02	2.8225038385e+00
8.2064135700e+02	2.7676103635e+00
8.2279040500e+02	2.5992554378e+00
8.2493945300e+02	2.0661798096e+00
8.2708850100e+02	1.9366722342e+00
8.2923761000e+02	1.6520766147e+00
8.3138665800e+02	1.3216510442e+00
8.3353576700e+02	1.2317957909e+00
8.3568481400e+02	8.6887885086e-01
8.3783386200e+02	1.1684331223e+00
8.3998291000e+02	9.8623871393e-01
8.4213201900e+02	7.6832857615e-01
8.4428106700e+02	7.0545490718e-01
8.4643017600e+02	6.7022663766e-01
8.4857922400e+02	6.3893281953e-01
