# Filename: guide/20241127streak_DG_target_DA_FRL_PSII2.ascii
 
Time explicit
Intervalnr 1
11.0931988
6.2922522000e+02	3.6479546730e-04
6.3137426800e+02	4.6073282142e-04
6.3352331500e+02	5.6092452125e-04
6.3567242400e+02	7.5408110711e-04
6.3782147200e+02	1.0380089340e-03
6.3997052000e+02	1.5218054861e-03
6.4211962900e+02	2.2296314788e-03
6.4426867700e+02	2.8006941340e-03
6.4641772500e+02	3.5397265187e-03
6.4856683300e+02	4.8817928140e-03
6.5071588100e+02	5.2214347601e-03
6.5286492900e+02	5.2529952546e-03
6.5501403800e+02	4.9513030085e-03
6.5716308600e+02	5.4254275631e-03
6.5931213400e+02	6.1647747262e-03
6.6146124300e+02	6.4703641628e-03
6.6361029100e+02	7.3014617924e-03
6.6575933800e+02	9.6399484860e-03
6.6790844700e+02	9.2774574466e-03
6.7005749500e+02	9.8177587043e-03
6.7220654300e+02	1.0377711480e-02
6.7435565200e+02	9.9959161114e-03
6.7650470000e+02	9.4271765664e-03
6.7865374800e+02	1.0216054660e-02
6.8080285600e+02	1.1602019679e-02
6.8295190400e+02	1.4372511213e-02
6.8510095200e+02	1.6347320520e-02
6.8725006100e+02	1.6784254800e-02
6.8939910900e+02	1.7332624019e-02
6.9154815700e+02	1.8681422588e-02
6.9369726600e+02	1.7581361544e-02
6.9584631300e+02	1.7269216327e-02
6.9799536100e+02	1.3953958461e-02
7.0014447000e+02	1.0719759206e-02
7.0229351800e+02	7.8068987555e-03
7.0444256600e+02	7.3420619165e-03
7.0659167500e+02	5.7825690970e-03
7.0874072300e+02	5.0498237979e-03
7.1088977100e+02	4.6197359607e-03
7.1303881800e+02	4.7321898548e-03
7.1518792700e+02	4.1298561297e-03
7.1733697500e+02	3.6836044888e-03
7.1948608400e+02	2.2787728543e-03
7.2163513200e+02	2.3715614664e-03
7.2378418000e+02	1.3701829933e-03
7.2593322800e+02	8.2289243204e-04
7.2808233600e+02	1.8869386651e-04
7.3023138400e+02	3.4596225184e-04
7.3238049300e+02	3.7177132247e-04
7.3452954100e+02	2.7520490595e-04
7.3667858900e+02	4.5844226959e-04
7.3882763700e+02	8.5309320172e-04
7.4097674600e+02	1.6616978957e-03
7.4312579300e+02	1.4094733123e-03
7.4527490200e+02	2.1794166066e-03
7.4742395000e+02	1.9527619579e-03
7.4957299800e+02	2.2353989044e-03
7.5172204600e+02	2.7227601368e-03
7.5387115500e+02	2.6627987127e-03
7.5602020300e+02	2.7828204375e-03
7.5816931200e+02	2.4207716735e-03
7.6031835900e+02	2.4292974432e-03
7.6246740700e+02	2.1489056022e-03
7.6461645500e+02	1.8731337500e-03
7.6676556400e+02	1.9910063831e-03
7.6891461200e+02	1.6820918092e-03
7.7106372100e+02	1.6764113883e-03
7.7321276900e+02	1.4116001801e-03
7.7536181600e+02	1.0997318701e-03
7.7751086400e+02	1.2012593979e-03
7.7965997300e+02	9.2681720170e-04
7.8180902100e+02	9.0267251909e-04
7.8395813000e+02	6.3362347366e-04
7.8610717800e+02	4.5269104556e-04
7.8825622600e+02	6.9371773406e-04
7.9040527300e+02	3.3656177761e-04
7.9255438200e+02	2.7134159387e-04
7.9470343000e+02	1.4461747732e-04
7.9685253900e+02	2.2360075814e-04
7.9900158700e+02	3.4517548710e-04
8.0115063500e+02	2.5792958877e-04
8.0329968300e+02	1.5320772540e-04
8.0544879200e+02	4.1728326578e-05
8.0759783900e+02	1.3465274419e-04
8.0974694800e+02	6.0540857098e-05
8.1189599600e+02	1.1644868174e-04
8.1404504400e+02	4.3616693448e-05
8.1619409200e+02	7.9189301426e-05
8.1834320100e+02	1.2010627862e-04
8.2049224900e+02	3.4227187585e-05
8.2264135700e+02	7.0813388409e-05
8.2479040500e+02	1.6042803458e-04
8.2693945300e+02	6.8804367108e-05
8.2908850100e+02	3.8462107205e-05
8.3123761000e+02	1.3530013786e-04
8.3338665800e+02	1.2114889388e-04
8.3553576700e+02	0.0000000000e+00
8.3768481400e+02	1.0426223365e-04
8.3983386200e+02	1.3613200253e-04
8.4198291000e+02	2.5623412820e-05
8.4413201900e+02	5.8820889122e-05
8.4628106700e+02	1.7076015675e-04
8.4843017600e+02	2.3435052619e-06
