# Filename: guide/20240729PSend_77Kstreak_target_FRL610r3.ascii
 
Time explicit
Intervalnr 1
11.0931988
6.2922522000e+02	1.8962659097e+00
6.3137426800e+02	2.4812342218e+00
6.3352331500e+02	5.4106308342e+00
6.3567242400e+02	5.0294665235e+00
6.3782147200e+02	8.5386326612e+00
6.3997052000e+02	9.1431427634e+00
6.4211962900e+02	1.4385680091e+01
6.4426867700e+02	1.8906417159e+01
6.4641772500e+02	2.5867789849e+01
6.4856683300e+02	4.1898213588e+01
6.5071588100e+02	5.6593424902e+01
6.5286492900e+02	7.8123717663e+01
6.5501403800e+02	9.1039844191e+01
6.5716308600e+02	9.5648589137e+01
6.5931213400e+02	1.0348517624e+02
6.6146124300e+02	1.0848520169e+02
6.6361029100e+02	1.0374632997e+02
6.6575933800e+02	1.0006345594e+02
6.6790844700e+02	1.2489094644e+02
6.7005749500e+02	1.2226718487e+02
6.7220654300e+02	1.5717779572e+02
6.7435565200e+02	1.5738289817e+02
6.7650470000e+02	1.5188289118e+02
6.7865374800e+02	1.7021862206e+02
6.8080285600e+02	1.9353168512e+02
6.8295190400e+02	2.3031797229e+02
6.8510095200e+02	2.6717032910e+02
6.8725006100e+02	2.8624896274e+02
6.8939910900e+02	3.2203681538e+02
6.9154815700e+02	3.6435232730e+02
6.9369726600e+02	3.9517949649e+02
6.9584631300e+02	4.0638540697e+02
6.9799536100e+02	3.7537936202e+02
7.0014447000e+02	2.9597243254e+02
7.0229351800e+02	2.3002918626e+02
7.0444256600e+02	2.0741844992e+02
7.0659167500e+02	2.0257908502e+02
7.0874072300e+02	2.1575369033e+02
7.1088977100e+02	2.4291186573e+02
7.1303881800e+02	2.6866567343e+02
7.1518792700e+02	3.0215019108e+02
7.1733697500e+02	3.4858575908e+02
7.1948608400e+02	3.7670368392e+02
7.2163513200e+02	4.0534341788e+02
7.2378418000e+02	3.9935089226e+02
7.2593322800e+02	3.9694022990e+02
7.2808233600e+02	3.7825502427e+02
7.3023138400e+02	3.4834897105e+02
7.3238049300e+02	3.2723116722e+02
7.3452954100e+02	2.7690581384e+02
7.3667858900e+02	2.5804908577e+02
7.3882763700e+02	2.3901259503e+02
7.4097674600e+02	2.1591410882e+02
7.4312579300e+02	1.9351147024e+02
7.4527490200e+02	1.8125902232e+02
7.4742395000e+02	1.5590134045e+02
7.4957299800e+02	1.4883425761e+02
7.5172204600e+02	1.4672789635e+02
7.5387115500e+02	1.3878714139e+02
7.5602020300e+02	1.3153211666e+02
7.5816931200e+02	1.2105501386e+02
7.6031835900e+02	1.1056252218e+02
7.6246740700e+02	1.0322321590e+02
7.6461645500e+02	9.7369877663e+01
7.6676556400e+02	9.7174866060e+01
7.6891461200e+02	8.1875633933e+01
7.7106372100e+02	8.0545134453e+01
7.7321276900e+02	7.3501326283e+01
7.7536181600e+02	6.3787201199e+01
7.7751086400e+02	7.2023249969e+01
7.7965997300e+02	6.6697348354e+01
7.8180902100e+02	5.5620308367e+01
7.8395813000e+02	5.8808137616e+01
7.8610717800e+02	5.5790359043e+01
7.8825622600e+02	5.4326695292e+01
7.9040527300e+02	4.7217779064e+01
7.9255438200e+02	4.6190070186e+01
7.9470343000e+02	4.7820424173e+01
7.9685253900e+02	4.3931516419e+01
7.9900158700e+02	4.2158410424e+01
8.0115063500e+02	3.9798655875e+01
8.0329968300e+02	3.8087153116e+01
8.0544879200e+02	3.4756918396e+01
8.0759783900e+02	3.2399254026e+01
8.0974694800e+02	2.9833975452e+01
8.1189599600e+02	3.0787672884e+01
8.1404504400e+02	2.6038909605e+01
8.1619409200e+02	2.7006665566e+01
8.1834320100e+02	2.3567031185e+01
8.2049224900e+02	2.3682234102e+01
8.2264135700e+02	2.2283979196e+01
8.2479040500e+02	1.9883942661e+01
8.2693945300e+02	1.7297986355e+01
8.2908850100e+02	2.0738027911e+01
8.3123761000e+02	1.6319817629e+01
8.3338665800e+02	1.3698847956e+01
8.3553576700e+02	1.4025197417e+01
8.3768481400e+02	1.1934933933e+01
8.3983386200e+02	1.3133428691e+01
8.4198291000e+02	1.0212490132e+01
8.4413201900e+02	8.9032097197e+00
8.4628106700e+02	1.0560029110e+01
8.4843017600e+02	6.9749612903e+00
