# Filename: guide/20240720PSend_77Kstreak_target_FRL610r3.ascii
 
Time explicit
Intervalnr 1
11.0931988
6.2937426800e+02	1.1892990924e+00
6.3152331500e+02	2.0161200896e+00
6.3367242400e+02	1.7829054469e+00
6.3582147200e+02	1.7189493655e+00
6.3797052000e+02	2.3255752239e+00
6.4011962900e+02	3.0619533832e-02
6.4226867700e+02	1.6241857758e+00
6.4441772500e+02	3.0416486554e+00
6.4656683300e+02	5.8048164019e+00
6.4871588100e+02	5.2229379601e+00
6.5086492900e+02	8.1838503154e+00
6.5301403800e+02	1.0394493793e+01
6.5516308600e+02	1.2148116270e+01
6.5731213400e+02	1.4424008130e+01
6.5946124300e+02	1.7018283877e+01
6.6161029100e+02	1.8400851785e+01
6.6375933800e+02	2.1080212910e+01
6.6590844700e+02	2.4064041924e+01
6.6805749500e+02	2.7968000824e+01
6.7020654300e+02	3.2669646511e+01
6.7235565200e+02	3.6798208108e+01
6.7450470000e+02	3.5524116408e+01
6.7665374800e+02	3.6600800675e+01
6.7880285600e+02	4.0748053593e+01
6.8095190400e+02	4.7415037725e+01
6.8310095200e+02	5.4823804439e+01
6.8525006100e+02	6.4471998530e+01
6.8739910900e+02	7.0751633397e+01
6.8954815700e+02	8.4688122289e+01
6.9169726600e+02	9.7876657304e+01
6.9384631300e+02	1.0662971469e+02
6.9599536100e+02	1.0309002126e+02
6.9814447000e+02	9.2030536174e+01
7.0029351800e+02	7.5327585328e+01
7.0244256600e+02	6.5080561228e+01
7.0459167500e+02	5.8802141045e+01
7.0674072300e+02	5.3830669710e+01
7.0888977100e+02	6.1065354321e+01
7.1103881800e+02	6.9202338990e+01
7.1318792700e+02	7.5838135722e+01
7.1533697500e+02	8.5500531691e+01
7.1748608400e+02	9.6689813456e+01
7.1963513200e+02	1.0396623730e+02
7.2178418000e+02	1.0594426792e+02
7.2393322800e+02	1.0640417657e+02
7.2608233600e+02	1.0123569487e+02
7.2823138400e+02	9.3978684432e+01
7.3038049300e+02	8.7850421723e+01
7.3252954100e+02	7.6981582668e+01
7.3467858900e+02	7.1335218212e+01
7.3682763700e+02	6.4988616406e+01
7.3897674600e+02	5.7998963364e+01
7.4112579300e+02	5.3975466899e+01
7.4327490200e+02	4.9055064409e+01
7.4542395000e+02	4.2441055201e+01
7.4757299800e+02	4.2031482209e+01
7.4972204600e+02	4.1982715544e+01
7.5187115500e+02	3.8400048874e+01
7.5402020300e+02	3.5643013835e+01
7.5616931200e+02	3.5043595731e+01
7.5831835900e+02	3.4924856216e+01
7.6046740700e+02	2.9756913302e+01
7.6261645500e+02	2.8706372691e+01
7.6476556400e+02	2.5764484410e+01
7.6691461200e+02	2.4817055871e+01
7.6906372100e+02	2.4320540150e+01
7.7121276900e+02	2.1119035203e+01
7.7336181600e+02	2.0018150503e+01
7.7551086400e+02	2.1053763450e+01
7.7765997300e+02	1.8991961442e+01
7.7980902100e+02	1.7964570503e+01
7.8195813000e+02	1.6885551615e+01
7.8410717800e+02	1.6353645174e+01
7.8625622600e+02	1.5639418621e+01
7.8840527300e+02	1.4688003087e+01
7.9055438200e+02	1.3112229915e+01
7.9270343000e+02	1.3761229518e+01
7.9485253900e+02	1.2305340104e+01
7.9700158700e+02	1.1228775458e+01
7.9915063500e+02	1.0676491112e+01
8.0129968300e+02	1.0094431469e+01
8.0344879200e+02	9.1034170035e+00
8.0559783900e+02	1.0736697344e+01
8.0774694800e+02	8.4897573262e+00
8.0989599600e+02	8.6984911344e+00
8.1204504400e+02	7.5303364706e+00
8.1419409200e+02	6.9594766258e+00
8.1634320100e+02	7.2679486081e+00
8.1849224900e+02	5.9148134676e+00
8.2064135700e+02	5.7264745107e+00
8.2279040500e+02	5.0944944652e+00
8.2493945300e+02	4.7230317719e+00
8.2708850100e+02	4.8716393565e+00
8.2923761000e+02	4.3204513982e+00
8.3138665800e+02	4.0257258708e+00
8.3353576700e+02	3.8123672130e+00
8.3568481400e+02	3.0262503703e+00
8.3783386200e+02	2.9745195827e+00
8.3998291000e+02	2.2035026744e+00
8.4213201900e+02	3.3001645930e+00
8.4428106700e+02	3.0024604181e+00
8.4643017600e+02	2.2008352496e+00
8.4857922400e+02	2.1624809234e+00
