# Filename: guide/20241113streak_DG_target_DA_FRL_PSI2.ascii
 
Time explicit
Intervalnr 1
11.0931988
6.2922522000e+02	0.0000000000e+00
6.3137426800e+02	0.0000000000e+00
6.3352331500e+02	0.0000000000e+00
6.3567242400e+02	0.0000000000e+00
6.3782147200e+02	0.0000000000e+00
6.3997052000e+02	0.0000000000e+00
6.4211962900e+02	0.0000000000e+00
6.4426867700e+02	0.0000000000e+00
6.4641772500e+02	0.0000000000e+00
6.4856683300e+02	0.0000000000e+00
6.5071588100e+02	0.0000000000e+00
6.5286492900e+02	0.0000000000e+00
6.5501403800e+02	0.0000000000e+00
6.5716308600e+02	0.0000000000e+00
6.5931213400e+02	0.0000000000e+00
6.6146124300e+02	0.0000000000e+00
6.6361029100e+02	0.0000000000e+00
6.6575933800e+02	0.0000000000e+00
6.6790844700e+02	0.0000000000e+00
6.7005749500e+02	0.0000000000e+00
6.7220654300e+02	0.0000000000e+00
6.7435565200e+02	0.0000000000e+00
6.7650470000e+02	0.0000000000e+00
6.7865374800e+02	0.0000000000e+00
6.8080285600e+02	0.0000000000e+00
6.8295190400e+02	0.0000000000e+00
6.8510095200e+02	0.0000000000e+00
6.8725006100e+02	0.0000000000e+00
6.8939910900e+02	0.0000000000e+00
6.9154815700e+02	6.8042248496e+00
6.9369726600e+02	6.5285987953e+00
6.9584631300e+02	5.8844794510e+00
6.9799536100e+02	6.3415650483e+00
7.0014447000e+02	8.9294558165e+00
7.0229351800e+02	1.1953292130e+01
7.0444256600e+02	2.0353634427e+01
7.0659167500e+02	2.8905572890e+01
7.0874072300e+02	4.1286431834e+01
7.1088977100e+02	5.5066925129e+01
7.1303881800e+02	7.3214523417e+01
7.1518792700e+02	9.3057962841e+01
7.1733697500e+02	1.0804125719e+02
7.1948608400e+02	1.2207155888e+02
7.2163513200e+02	1.2916651588e+02
7.2378418000e+02	1.3246193074e+02
7.2593322800e+02	1.2821303751e+02
7.2808233600e+02	1.2459365023e+02
7.3023138400e+02	1.1113206730e+02
7.3238049300e+02	1.0246567045e+02
7.3452954100e+02	9.1743711411e+01
7.3667858900e+02	8.2559706768e+01
7.3882763700e+02	7.3168769181e+01
7.4097674600e+02	6.2681291139e+01
7.4312579300e+02	5.7691499014e+01
7.4527490200e+02	4.7813941549e+01
7.4742395000e+02	4.3470214245e+01
7.4957299800e+02	3.9599080456e+01
7.5172204600e+02	3.5383924406e+01
7.5387115500e+02	3.0437929321e+01
7.5602020300e+02	2.6835944191e+01
7.5816931200e+02	2.5625000086e+01
7.6031835900e+02	2.2940387931e+01
7.6246740700e+02	2.1060300547e+01
7.6461645500e+02	2.0762606315e+01
7.6676556400e+02	1.9158754006e+01
7.6891461200e+02	1.8066177070e+01
7.7106372100e+02	1.7865555962e+01
7.7321276900e+02	1.7242559260e+01
7.7536181600e+02	1.8185761677e+01
7.7751086400e+02	1.6963085032e+01
7.7965997300e+02	1.7617771206e+01
7.8180902100e+02	1.6472371378e+01
7.8395813000e+02	1.6959568374e+01
7.8610717800e+02	1.6960003073e+01
7.8825622600e+02	1.5796855070e+01
7.9040527300e+02	1.5253059265e+01
7.9255438200e+02	1.5319329861e+01
7.9470343000e+02	1.5067649141e+01
7.9685253900e+02	1.4101927157e+01
7.9900158700e+02	1.2829145594e+01
8.0115063500e+02	1.2582062396e+01
8.0329968300e+02	1.2557932451e+01
8.0544879200e+02	1.1665568966e+01
8.0759783900e+02	1.0780490280e+01
8.0974694800e+02	1.0605051803e+01
8.1189599600e+02	1.0626682132e+01
8.1404504400e+02	8.4273760654e+00
8.1619409200e+02	8.8069721047e+00
8.1834320100e+02	7.5561893780e+00
8.2049224900e+02	7.6347529393e+00
8.2264135700e+02	6.2834791832e+00
8.2479040500e+02	5.2748385944e+00
8.2693945300e+02	5.5017743055e+00
8.2908850100e+02	4.8546628469e+00
8.3123761000e+02	4.8812705065e+00
8.3338665800e+02	4.2803648148e+00
8.3553576700e+02	4.0425734720e+00
8.3768481400e+02	3.7726990023e+00
8.3983386200e+02	3.3844292800e+00
8.4198291000e+02	3.0169031759e+00
8.4413201900e+02	2.9230023918e+00
8.4628106700e+02	2.3384582462e+00
8.4843017600e+02	2.3923388856e+00
