20241127streak_WT_target_DA_FRL_PSI1int.ascii                                                                                                                                                           
                                                                                
 Time explicit
 Intervalnr            1
           1
   653.851318     -0.111591794    
   656.132324      -9.01249722E-02
   658.413330      -6.86581507E-02
   660.694275      -4.71919030E-02
   662.975220      -2.57256571E-02
   665.256226      -4.25883615E-03
   667.537170       1.72074102E-02
   669.818176       3.86742316E-02
   672.099182       6.01410531E-02
   674.380188       8.16078782E-02
   676.661194      0.103074700    
   678.942200      0.124541521    
   681.223083      0.146007195    
   683.504211      0.167475164    
   685.785217      0.188941985    
   688.066223      0.210408807    
   690.347107      0.231874481    
   692.628113      0.272066921    
   694.909119      0.339420199    
   697.190125      0.406773448    
   699.471130      0.474126726    
   701.752075      0.541478217    
   704.033081      0.608831465    
   706.314087      0.676184714    
   708.595093      0.743538022    
   710.875977      0.810887635    
   713.156982      0.878240943    
   715.437988      0.945594192    
   717.719116               1
   720.000000      0.940586567    
   722.281006      0.881169915    
   724.562012      0.821753263    
   726.843018      0.762336612    
   729.124023      0.702920020    
   731.405029      0.643503368    
   733.685974      0.584088326    
   735.966980      0.524671674    
   738.247986      0.465255022    
   740.528870      0.405841589    
   742.809875      0.346424937    
   745.090881      0.315286607    
   747.371887      0.291389614    
   749.652893      0.267492622    
   751.933899      0.243595660    
   754.214905      0.219698668    
   756.495911      0.195801690    
   758.776917      0.171904713    
   761.057922      0.148007736    
   763.338928      0.124110751    
   765.619873      0.100214407    
   767.900879       7.63174295E-02
   770.181824       5.24210855E-02
   772.462830       2.85241045E-02
   774.743774       4.62776423E-03
   777.024780      -1.92692168E-02
