# Filename: guide/20241130streak_WT_target_DA_glycerol_PSI2.ascii
 
Time explicit
Intervalnr 1
0.0
6.5309088100e+02	0.0000000000e+00
6.5404138200e+02	0.0000000000e+00
6.5499182100e+02	0.0000000000e+00
6.5594220000e+02	0.0000000000e+00
6.5689257800e+02	0.0000000000e+00
6.5784301800e+02	0.0000000000e+00
6.5879339600e+02	0.0000000000e+00
6.5974377400e+02	0.0000000000e+00
6.6069427500e+02	0.0000000000e+00
6.6164471400e+02	0.0000000000e+00
6.6259509300e+02	0.0000000000e+00
6.6354547100e+02	0.0000000000e+00
6.6449591100e+02	0.0000000000e+00
6.6544628900e+02	0.0000000000e+00
6.6639672900e+02	0.0000000000e+00
6.6734722900e+02	0.0000000000e+00
6.6829748500e+02	0.0000000000e+00
6.6924798600e+02	0.0000000000e+00
6.7019842500e+02	0.0000000000e+00
6.7114880400e+02	0.0000000000e+00
6.7209918200e+02	0.0000000000e+00
6.7304962200e+02	0.0000000000e+00
6.7400000000e+02	0.0000000000e+00
6.7495037800e+02	0.0000000000e+00
6.7590087900e+02	0.0000000000e+00
6.7685131800e+02	0.0000000000e+00
6.7780169700e+02	0.0000000000e+00
6.7875207500e+02	0.0000000000e+00
6.7970251500e+02	0.0000000000e+00
6.8065289300e+02	0.0000000000e+00
6.8160327100e+02	0.0000000000e+00
6.8255377200e+02	0.0000000000e+00
6.8350421100e+02	0.0000000000e+00
6.8445459000e+02	0.0000000000e+00
6.8540502900e+02	0.0000000000e+00
6.8635540800e+02	0.0000000000e+00
6.8730578600e+02	0.0000000000e+00
6.8825622600e+02	0.0000000000e+00
6.8920672600e+02	0.0000000000e+00
6.9015698200e+02	0.0000000000e+00
6.9110748300e+02	0.0000000000e+00
6.9205792200e+02	0.0000000000e+00
6.9300830100e+02	0.0000000000e+00
6.9395867900e+02	0.0000000000e+00
6.9490911900e+02	0.0000000000e+00
6.9585961900e+02	0.0000000000e+00
6.9680987500e+02	0.0000000000e+00
6.9776037600e+02	0.0000000000e+00
6.9871081500e+02	0.0000000000e+00
6.9966119400e+02	0.0000000000e+00
7.0061157200e+02	0.0000000000e+00
7.0156201200e+02	5.8157801079e-03
7.0251251200e+02	0.0000000000e+00
7.0346283000e+02	1.6039919237e-04
7.0441333000e+02	8.1848064995e-03
7.0536358600e+02	1.5424268010e-02
7.0631408700e+02	1.0063045650e-02
7.0726452600e+02	8.0539665862e-03
7.0821490500e+02	1.6196029761e-02
7.0916528300e+02	1.0812306653e-02
7.1011572300e+02	1.4184198471e-02
7.1106622300e+02	1.9970164849e-02
7.1201647900e+02	8.4558220488e-03
7.1296698000e+02	2.3650030116e-02
7.1391741900e+02	1.0097681929e-02
7.1486779800e+02	2.9837355899e-02
7.1581817600e+02	1.8132767699e-02
7.1676861600e+02	2.7082886435e-02
7.1771911600e+02	3.4506758108e-02
7.1866937300e+02	1.3380991467e-02
7.1961987300e+02	3.7403506015e-02
7.2057031200e+02	1.7935516888e-02
7.2152069100e+02	3.5256171203e-02
7.2247113000e+02	2.3440400419e-02
7.2342150900e+02	1.7744939962e-02
7.2437188700e+02	3.9526526409e-02
7.2532232700e+02	2.0246763109e-02
7.2627282700e+02	3.6653221248e-02
7.2722308300e+02	1.5156629032e-02
7.2817358400e+02	3.3348801233e-02
7.2912402300e+02	1.3296221365e-02
7.3007440200e+02	3.1082525430e-02
7.3102478000e+02	1.5389463820e-02
7.3197522000e+02	2.3220725717e-02
7.3292572000e+02	2.6904872854e-02
7.3387597700e+02	1.1839884518e-02
7.3482647700e+02	2.3440678693e-02
7.3577691700e+02	1.7034313483e-02
7.3672729500e+02	2.3982480594e-02
7.3767767300e+02	9.3367396231e-03
7.3862811300e+02	2.2068172043e-02
7.3957861300e+02	1.3798210455e-02
7.4052887000e+02	1.9681094156e-02
7.4147937000e+02	1.9532075361e-02
7.4242981000e+02	1.5064997725e-02
7.4338018800e+02	1.9553012942e-02
7.4433062700e+02	1.8158368932e-02
7.4528100600e+02	1.7496848551e-02
7.4623138400e+02	1.7482130951e-02
7.4718182400e+02	1.5520647221e-02
7.4813232400e+02	1.7813529915e-02
7.4908270300e+02	1.5775749335e-02
7.5003308100e+02	1.4046344277e-02
7.5098352100e+02	1.4396125037e-02
7.5193389900e+02	1.2455711186e-02
7.5288427700e+02	1.0905520472e-02
7.5383471700e+02	1.2421073378e-02
7.5478521700e+02	1.0345170572e-02
7.5573547400e+02	1.0394686148e-02
7.5668597400e+02	9.4369985200e-03
7.5763641400e+02	8.6599992792e-03
7.5858679200e+02	9.4115667007e-03
7.5953717000e+02	9.1191505211e-03
7.6048761000e+02	8.6378069649e-03
7.6143798800e+02	7.9334518651e-03
7.6238842800e+02	7.1588910447e-03
7.6333892800e+02	6.8712771259e-03
7.6428930700e+02	6.3707255497e-03
7.6523968500e+02	7.1199098035e-03
7.6619012500e+02	5.7874480248e-03
7.6714050300e+02	6.9722390286e-03
7.6809088100e+02	5.0095499643e-03
7.6904132100e+02	6.2814115499e-03
7.6999182100e+02	6.4929730555e-03
7.7094220000e+02	6.5334952046e-03
7.7189257800e+02	6.1006799446e-03
7.7284301800e+02	4.1262995814e-03
7.7379339600e+02	6.7991232308e-03
7.7474377400e+02	5.5892688626e-03
7.7569421400e+02	6.3804063076e-03
7.7664471400e+02	5.5787565471e-03
7.7759509300e+02	6.0950944955e-03
7.7854547100e+02	5.5065127952e-03
7.7949591100e+02	5.8051464955e-03
