# Filename: guide/20241120megacomplex77K_PSI1.ascii
 
Time explicit
Intervalnr 1
2.37309027
6.3053588900e+02	0.0000000000e+00
6.3126513700e+02	0.0000000000e+00
6.3199444600e+02	0.0000000000e+00
6.3272375500e+02	0.0000000000e+00
6.3345300300e+02	0.0000000000e+00
6.3418225100e+02	0.0000000000e+00
6.3491162100e+02	0.0000000000e+00
6.3564086900e+02	0.0000000000e+00
6.3637011700e+02	0.0000000000e+00
6.3709942600e+02	0.0000000000e+00
6.3782873500e+02	0.0000000000e+00
6.3855798300e+02	0.0000000000e+00
6.3928723100e+02	0.0000000000e+00
6.4001654100e+02	0.0000000000e+00
6.4074585000e+02	0.0000000000e+00
6.4147509800e+02	0.0000000000e+00
6.4220440700e+02	0.0000000000e+00
6.4293371600e+02	0.0000000000e+00
6.4366296400e+02	0.0000000000e+00
6.4439221200e+02	0.0000000000e+00
6.4512152100e+02	0.0000000000e+00
6.4585083000e+02	0.0000000000e+00
6.4658007800e+02	0.0000000000e+00
6.4730932600e+02	0.0000000000e+00
6.4803869600e+02	0.0000000000e+00
6.4876794400e+02	0.0000000000e+00
6.4949719200e+02	0.0000000000e+00
6.5022650100e+02	0.0000000000e+00
6.5095581100e+02	0.0000000000e+00
6.5168505900e+02	0.0000000000e+00
6.5241430700e+02	0.0000000000e+00
6.5314361600e+02	0.0000000000e+00
6.5387292500e+02	0.0000000000e+00
6.5460217300e+02	0.0000000000e+00
6.5533142100e+02	0.0000000000e+00
6.5606079100e+02	0.0000000000e+00
6.5679003900e+02	0.0000000000e+00
6.5751928700e+02	0.0000000000e+00
6.5824859600e+02	0.0000000000e+00
6.5897790500e+02	0.0000000000e+00
6.5970715300e+02	0.0000000000e+00
6.6043640100e+02	0.0000000000e+00
6.6116571000e+02	0.0000000000e+00
6.6189502000e+02	0.0000000000e+00
6.6262426800e+02	0.0000000000e+00
6.6335357700e+02	0.0000000000e+00
6.6408288600e+02	0.0000000000e+00
6.6481213400e+02	0.0000000000e+00
6.6554138200e+02	0.0000000000e+00
6.6627069100e+02	0.0000000000e+00
6.6700000000e+02	0.0000000000e+00
6.6772924800e+02	0.0000000000e+00
6.6845849600e+02	0.0000000000e+00
6.6918786600e+02	0.0000000000e+00
6.6991711400e+02	0.0000000000e+00
6.7064636200e+02	0.0000000000e+00
6.7137567100e+02	0.0000000000e+00
6.7210498000e+02	0.0000000000e+00
6.7283422900e+02	0.0000000000e+00
6.7356347700e+02	0.0000000000e+00
6.7429278600e+02	0.0000000000e+00
6.7502209500e+02	0.0000000000e+00
6.7575134300e+02	0.0000000000e+00
6.7648065200e+02	0.0000000000e+00
6.7720996100e+02	0.0000000000e+00
6.7793920900e+02	0.0000000000e+00
6.7866845700e+02	0.0000000000e+00
6.7939776600e+02	0.0000000000e+00
6.8012707500e+02	0.0000000000e+00
6.8085632300e+02	0.0000000000e+00
6.8158557100e+02	0.0000000000e+00
6.8231494100e+02	0.0000000000e+00
6.8304418900e+02	0.0000000000e+00
6.8377343800e+02	0.0000000000e+00
6.8450274700e+02	0.0000000000e+00
6.8523205600e+02	0.0000000000e+00
6.8596130400e+02	0.0000000000e+00
6.8669055200e+02	0.0000000000e+00
6.8741986100e+02	0.0000000000e+00
6.8814917000e+02	0.0000000000e+00
6.8887841800e+02	0.0000000000e+00
6.8960766600e+02	0.0000000000e+00
6.9033703600e+02	0.0000000000e+00
6.9106628400e+02	0.0000000000e+00
6.9179553200e+02	2.4516750287e+00
6.9252484100e+02	6.9033322194e+01
6.9325415000e+02	1.4345062047e+01
6.9398339800e+02	2.6719318407e+01
6.9471264600e+02	4.8937288602e-01
6.9544195600e+02	2.3239780776e+01
6.9617126500e+02	4.7891521125e+01
6.9690051300e+02	2.0030235780e+01
6.9762982200e+02	1.0397462399e+01
6.9835913100e+02	6.1656002147e+01
6.9908837900e+02	1.2863669800e+01
6.9981762700e+02	3.1046204485e+01
7.0054693600e+02	8.4078981346e+00
7.0127624500e+02	3.4592435771e+01
7.0200549300e+02	7.1948865302e+01
7.0273474100e+02	6.5973802797e+01
7.0346411100e+02	5.3963442311e+01
7.0419335900e+02	2.7624989304e+01
7.0492260700e+02	5.0472229085e+01
7.0565191700e+02	8.2503699601e+01
7.0638122600e+02	2.8144490432e+01
7.0711047400e+02	4.4604265458e+01
7.0783972200e+02	8.5570711313e+01
7.0856903100e+02	9.6597499917e+01
7.0929834000e+02	5.6051441231e+01
7.1002758800e+02	1.0526445592e+02
7.1075683600e+02	7.6494447648e+01
7.1148620600e+02	8.2227211869e+01
7.1221545400e+02	1.0531181204e+02
7.1294470200e+02	8.3018216763e+01
7.1367401100e+02	7.4135449039e+01
7.1440332000e+02	8.5657820732e+01
7.1513256800e+02	5.9752920708e+01
7.1586181600e+02	7.5985168192e+01
7.1659118700e+02	8.7987909416e+01
7.1732043500e+02	3.5941915413e+01
7.1804968300e+02	5.9922167826e+01
7.1877899200e+02	7.1096344659e+01
7.1950830100e+02	7.1290010870e+01
7.2023754900e+02	5.4128306703e+01
7.2096679700e+02	4.8811401411e+01
7.2169610600e+02	3.4445020710e+01
7.2242541500e+02	5.1535693253e+01
7.2315466300e+02	6.4129462525e+01
7.2388391100e+02	6.6305223351e+01
7.2461328100e+02	3.4549657660e+01
7.2534252900e+02	3.8332329606e+01
7.2607177700e+02	4.3345223236e+01
7.2680108600e+02	2.5114552821e+01
7.2753039600e+02	1.8751278298e+01
7.2825964400e+02	4.0845203875e+01
7.2898889200e+02	3.4656414538e+01
7.2971820100e+02	1.5140433657e+00
7.3044751000e+02	2.5808006497e+01
7.3117675800e+02	6.5201109510e+00
7.3190606700e+02	1.8919057177e+01
7.3263537600e+02	2.6077332442e+01
7.3336462400e+02	3.6411467079e+01
7.3409387200e+02	1.2760295674e+01
7.3482318100e+02	3.5142742830e+01
7.3555249000e+02	1.9214167617e+01
7.3628173800e+02	2.0038133410e+01
7.3701098600e+02	2.3453239363e+01
7.3774035600e+02	1.5336677203e+01
7.3846960400e+02	1.7406091876e+01
7.3919885300e+02	1.4178534115e+01
7.3992816200e+02	1.4443976592e+01
7.4065747100e+02	2.4755819213e+01
7.4138671900e+02	0.0000000000e+00
7.4211596700e+02	3.7278841848e-01
7.4284527600e+02	1.8356643255e+01
7.4357458500e+02	1.8526397579e+01
7.4430383300e+02	6.1194297980e+00
7.4503308100e+02	1.5635333016e+01
7.4576245100e+02	8.4662020940e+00
7.4649169900e+02	4.2091035709e+00
7.4722094700e+02	9.9639645264e+00
7.4795025600e+02	1.5441045617e+01
7.4867956500e+02	6.9751009759e+00
7.4940881300e+02	9.4924772847e+00
7.5013806200e+02	1.1895182542e+01
7.5086737100e+02	0.0000000000e+00
7.5159668000e+02	3.3943131741e+00
7.5232592800e+02	0.0000000000e+00
