# Filename: guide/20241127streak_WT_target_DA_FRL_PSII1.ascii
 
Time explicit
Intervalnr 1
11.0931988
6.2937426800e+02	0.0000000000e+00
6.3152331500e+02	0.0000000000e+00
6.3367242400e+02	0.0000000000e+00
6.3582147200e+02	0.0000000000e+00
6.3797052000e+02	0.0000000000e+00
6.4011962900e+02	2.0455106174e-04
6.4226867700e+02	1.5482173212e-04
6.4441772500e+02	3.1579375692e-05
6.4656683300e+02	2.6049539261e-04
6.4871588100e+02	1.0423403584e-03
6.5086492900e+02	0.0000000000e+00
6.5301403800e+02	0.0000000000e+00
6.5516308600e+02	0.0000000000e+00
6.5731213400e+02	0.0000000000e+00
6.5946124300e+02	1.0134174239e-03
6.6161029100e+02	1.5997762270e-03
6.6375933800e+02	2.7090503805e-03
6.6590844700e+02	5.5627998823e-03
6.6805749500e+02	5.4981420943e-03
6.7020654300e+02	6.7111947364e-03
6.7235565200e+02	8.1066906500e-03
6.7450470000e+02	8.3632654734e-03
6.7665374800e+02	8.7514400165e-03
6.7880285600e+02	1.0218833060e-02
6.8095190400e+02	9.2585415981e-03
6.8310095200e+02	1.3894212135e-02
6.8525006100e+02	1.6429595427e-02
6.8739910900e+02	1.8750771549e-02
6.8954815700e+02	1.8170307139e-02
6.9169726600e+02	1.8767359114e-02
6.9384631300e+02	1.6448756781e-02
6.9599536100e+02	1.5873461303e-02
6.9814447000e+02	1.2543400768e-02
7.0029351800e+02	1.1550736145e-02
7.0244256600e+02	9.6578561521e-03
7.0459167500e+02	8.9300947697e-03
7.0674072300e+02	8.1627563023e-03
7.0888977100e+02	6.9085230394e-03
7.1103881800e+02	5.1528572542e-03
7.1318792700e+02	4.1573880653e-03
7.1533697500e+02	3.4455823491e-03
7.1748608400e+02	2.9208981762e-03
7.1963513200e+02	1.4847918069e-03
7.2178418000e+02	1.7560157073e-03
7.2393322800e+02	6.6903808543e-04
7.2608233600e+02	8.9255974486e-04
7.2823138400e+02	1.5200022011e-03
7.3038049300e+02	1.4178887136e-03
7.3252954100e+02	1.9676858827e-03
7.3467858900e+02	1.8179616060e-03
7.3682763700e+02	2.3815944843e-03
7.3897674600e+02	2.7412610152e-03
7.4112579300e+02	3.5280412232e-03
7.4327490200e+02	3.4316868390e-03
7.4542395000e+02	4.4169382518e-03
7.4757299800e+02	4.5610891785e-03
7.4972204600e+02	4.4155408739e-03
7.5187115500e+02	4.5855361270e-03
7.5402020300e+02	4.6350714279e-03
7.5616931200e+02	4.1313483133e-03
7.5831835900e+02	3.8731253967e-03
7.6046740700e+02	3.6182871469e-03
7.6261645500e+02	3.1600574545e-03
7.6476556400e+02	3.1178924714e-03
7.6691461200e+02	3.2775898050e-03
7.6906372100e+02	2.8649283691e-03
7.7121276900e+02	2.8345744841e-03
7.7336181600e+02	2.5913578219e-03
7.7551086400e+02	1.9539157048e-03
7.7765997300e+02	2.1221732862e-03
7.7980902100e+02	1.8989670091e-03
7.8195813000e+02	1.7533933651e-03
7.8410717800e+02	1.3907925155e-03
7.8625622600e+02	1.1340982173e-03
7.8840527300e+02	1.0767024839e-03
7.9055438200e+02	9.5331022640e-04
7.9270343000e+02	1.0005673456e-03
7.9485253900e+02	9.3699642507e-04
7.9700158700e+02	8.4109076732e-04
7.9915063500e+02	5.6579841874e-04
8.0129968300e+02	6.4989438790e-04
8.0344879200e+02	7.5621169141e-04
8.0559783900e+02	4.1379045323e-04
8.0774694800e+02	5.9288701455e-04
8.0989599600e+02	4.9604721251e-04
8.1204504400e+02	6.2929080326e-04
8.1419409200e+02	6.2004498703e-04
8.1634320100e+02	4.9149887450e-04
8.1849224900e+02	7.3263025450e-04
8.2064135700e+02	6.6379905823e-04
8.2279040500e+02	5.6061486314e-04
8.2493945300e+02	6.5196131529e-04
8.2708850100e+02	4.5874587401e-04
8.2923761000e+02	4.2469894257e-04
8.3138665800e+02	5.4887317760e-04
8.3353576700e+02	4.8062964430e-04
8.3568481400e+02	4.1932867961e-04
8.3783386200e+02	5.0002623429e-04
8.3998291000e+02	5.1895583800e-04
8.4213201900e+02	3.0056363646e-04
8.4428106700e+02	3.2111668905e-04
8.4643017600e+02	4.9182058876e-04
8.4857922400e+02	4.1361796139e-04
