# Filename: guide/20241127streak_WT_target_DA_FRL_PSI3.ascii
 
Time explicit
Intervalnr 1
11.0931988
6.2937426800e+02	0.0000000000e+00
6.3152331500e+02	0.0000000000e+00
6.3367242400e+02	0.0000000000e+00
6.3582147200e+02	0.0000000000e+00
6.3797052000e+02	0.0000000000e+00
6.4011962900e+02	0.0000000000e+00
6.4226867700e+02	0.0000000000e+00
6.4441772500e+02	0.0000000000e+00
6.4656683300e+02	0.0000000000e+00
6.4871588100e+02	0.0000000000e+00
6.5086492900e+02	0.0000000000e+00
6.5301403800e+02	0.0000000000e+00
6.5516308600e+02	0.0000000000e+00
6.5731213400e+02	0.0000000000e+00
6.5946124300e+02	0.0000000000e+00
6.6161029100e+02	0.0000000000e+00
6.6375933800e+02	0.0000000000e+00
6.6590844700e+02	0.0000000000e+00
6.6805749500e+02	0.0000000000e+00
6.7020654300e+02	0.0000000000e+00
6.7235565200e+02	0.0000000000e+00
6.7450470000e+02	0.0000000000e+00
6.7665374800e+02	0.0000000000e+00
6.7880285600e+02	0.0000000000e+00
6.8095190400e+02	0.0000000000e+00
6.8310095200e+02	0.0000000000e+00
6.8525006100e+02	0.0000000000e+00
6.8739910900e+02	0.0000000000e+00
6.8954815700e+02	0.0000000000e+00
6.9169726600e+02	0.0000000000e+00
6.9384631300e+02	0.0000000000e+00
6.9599536100e+02	0.0000000000e+00
6.9814447000e+02	0.0000000000e+00
7.0029351800e+02	3.8206450929e-04
7.0244256600e+02	7.3873057065e-05
7.0459167500e+02	1.5572999593e-04
7.0674072300e+02	5.5347621842e-04
7.0888977100e+02	4.5528066862e-04
7.1103881800e+02	1.1324575622e-03
7.1318792700e+02	2.3267644360e-03
7.1533697500e+02	3.7411773220e-03
7.1748608400e+02	6.9573843324e-03
7.1963513200e+02	1.0069543464e-02
7.2178418000e+02	1.2598647953e-02
7.2393322800e+02	1.5072281475e-02
7.2608233600e+02	1.6362617242e-02
7.2823138400e+02	1.8278241316e-02
7.3038049300e+02	1.7648735187e-02
7.3252954100e+02	1.7097615597e-02
7.3467858900e+02	1.6216186946e-02
7.3682763700e+02	1.5196193074e-02
7.3897674600e+02	1.4320205757e-02
7.4112579300e+02	1.2665170545e-02
7.4327490200e+02	1.1163600110e-02
7.4542395000e+02	9.7128580603e-03
7.4757299800e+02	8.2204774558e-03
7.4972204600e+02	7.4571552045e-03
7.5187115500e+02	6.5818645870e-03
7.5402020300e+02	5.7201888063e-03
7.5616931200e+02	5.0398780705e-03
7.5831835900e+02	3.9235691454e-03
7.6046740700e+02	3.8495921848e-03
7.6261645500e+02	3.4431147963e-03
7.6476556400e+02	3.2324708621e-03
7.6691461200e+02	2.6090953702e-03
7.6906372100e+02	2.7077309757e-03
7.7121276900e+02	2.2399093548e-03
7.7336181600e+02	2.0030053739e-03
7.7551086400e+02	1.8904912297e-03
7.7765997300e+02	1.8457108884e-03
7.7980902100e+02	1.9671778340e-03
7.8195813000e+02	2.0521397993e-03
7.8410717800e+02	1.7975285803e-03
7.8625622600e+02	1.7058996180e-03
7.8840527300e+02	2.0280092865e-03
7.9055438200e+02	1.7252533017e-03
7.9270343000e+02	1.8277443166e-03
7.9485253900e+02	1.8413076357e-03
7.9700158700e+02	2.0306777271e-03
7.9915063500e+02	1.7096659128e-03
8.0129968300e+02	1.4126703065e-03
8.0344879200e+02	1.5093216015e-03
8.0559783900e+02	1.5810112752e-03
8.0774694800e+02	1.6109995723e-03
8.0989599600e+02	1.4117524459e-03
8.1204504400e+02	1.3593515738e-03
8.1419409200e+02	1.2302105486e-03
8.1634320100e+02	1.3572625094e-03
8.1849224900e+02	1.2719187784e-03
8.2064135700e+02	1.2883852222e-03
8.2279040500e+02	1.1183717947e-03
8.2493945300e+02	1.0423644335e-03
8.2708850100e+02	8.5543186366e-04
8.2923761000e+02	8.4605992213e-04
8.3138665800e+02	6.5260481535e-04
8.3353576700e+02	6.2347288473e-04
8.3568481400e+02	4.9074938042e-04
8.3783386200e+02	5.8051713496e-04
8.3998291000e+02	5.2276061793e-04
8.4213201900e+02	4.0231567567e-04
8.4428106700e+02	3.5994609505e-04
8.4643017600e+02	3.2881724556e-04
8.4857922400e+02	3.6943850125e-04
