# Filename: guide/20241127streak_WT_target_DA_FRL_PSI2.ascii
 
Time explicit
Intervalnr 1
11.0931988
6.2937426800e+02	0.0000000000e+00
6.3152331500e+02	0.0000000000e+00
6.3367242400e+02	0.0000000000e+00
6.3582147200e+02	0.0000000000e+00
6.3797052000e+02	0.0000000000e+00
6.4011962900e+02	0.0000000000e+00
6.4226867700e+02	0.0000000000e+00
6.4441772500e+02	0.0000000000e+00
6.4656683300e+02	0.0000000000e+00
6.4871588100e+02	0.0000000000e+00
6.5086492900e+02	0.0000000000e+00
6.5301403800e+02	0.0000000000e+00
6.5516308600e+02	0.0000000000e+00
6.5731213400e+02	0.0000000000e+00
6.5946124300e+02	0.0000000000e+00
6.6161029100e+02	0.0000000000e+00
6.6375933800e+02	0.0000000000e+00
6.6590844700e+02	0.0000000000e+00
6.6805749500e+02	0.0000000000e+00
6.7020654300e+02	0.0000000000e+00
6.7235565200e+02	0.0000000000e+00
6.7450470000e+02	0.0000000000e+00
6.7665374800e+02	0.0000000000e+00
6.7880285600e+02	0.0000000000e+00
6.8095190400e+02	0.0000000000e+00
6.8310095200e+02	0.0000000000e+00
6.8525006100e+02	0.0000000000e+00
6.8739910900e+02	0.0000000000e+00
6.8954815700e+02	0.0000000000e+00
6.9169726600e+02	0.0000000000e+00
6.9384631300e+02	0.0000000000e+00
6.9599536100e+02	0.0000000000e+00
6.9814447000e+02	0.0000000000e+00
7.0029351800e+02	1.1669487211e-03
7.0244256600e+02	1.9625846812e-03
7.0459167500e+02	2.5421153820e-03
7.0674072300e+02	3.6948256853e-03
7.0888977100e+02	5.4484415486e-03
7.1103881800e+02	7.5255408684e-03
7.1318792700e+02	9.8966048953e-03
7.1533697500e+02	1.2437830397e-02
7.1748608400e+02	1.4697143453e-02
7.1963513200e+02	1.6770883165e-02
7.2178418000e+02	1.8411177667e-02
7.2393322800e+02	1.8842853698e-02
7.2608233600e+02	1.8957891278e-02
7.2823138400e+02	1.7575130037e-02
7.3038049300e+02	1.6634140500e-02
7.3252954100e+02	1.5372133607e-02
7.3467858900e+02	1.3721007266e-02
7.3682763700e+02	1.2048060240e-02
7.3897674600e+02	1.0747529670e-02
7.4112579300e+02	9.1877689974e-03
7.4327490200e+02	8.0849723290e-03
7.4542395000e+02	7.0691828685e-03
7.4757299800e+02	6.4561293624e-03
7.4972204600e+02	5.4365171060e-03
7.5187115500e+02	4.8927870536e-03
7.5402020300e+02	4.2179141786e-03
7.5616931200e+02	3.8506498586e-03
7.5831835900e+02	3.6327212826e-03
7.6046740700e+02	3.2759145541e-03
7.6261645500e+02	2.9411201317e-03
7.6476556400e+02	2.7825465129e-03
7.6691461200e+02	2.7305773359e-03
7.6906372100e+02	2.5127980082e-03
7.7121276900e+02	2.5299001434e-03
7.7336181600e+02	2.3772353743e-03
7.7551086400e+02	2.3460865886e-03
7.7765997300e+02	2.3486744823e-03
7.7980902100e+02	2.2481464829e-03
7.8195813000e+02	2.2327503368e-03
7.8410717800e+02	2.2096304749e-03
7.8625622600e+02	2.3114418333e-03
7.8840527300e+02	2.0249621579e-03
7.9055438200e+02	2.3263368566e-03
7.9270343000e+02	2.1345097559e-03
7.9485253900e+02	2.0221056194e-03
7.9700158700e+02	1.8918037910e-03
7.9915063500e+02	1.9069351418e-03
8.0129968300e+02	1.9195111753e-03
8.0344879200e+02	1.7507954814e-03
8.0559783900e+02	1.6244521707e-03
8.0774694800e+02	1.4710416827e-03
8.0989599600e+02	1.4909010555e-03
8.1204504400e+02	1.3088891395e-03
8.1419409200e+02	1.3432058922e-03
8.1634320100e+02	1.2956325818e-03
8.1849224900e+02	1.1158549427e-03
8.2064135700e+02	1.0078309082e-03
8.2279040500e+02	9.5908645579e-04
8.2493945300e+02	7.9474808308e-04
8.2708850100e+02	7.9104393851e-04
8.2923761000e+02	7.6570862244e-04
8.3138665800e+02	6.3447163276e-04
8.3353576700e+02	6.2665156897e-04
8.3568481400e+02	5.6408422615e-04
8.3783386200e+02	4.4977381234e-04
8.3998291000e+02	4.0220781564e-04
8.4213201900e+02	4.3901672148e-04
8.4428106700e+02	3.6049367328e-04
8.4643017600e+02	3.2831810811e-04
8.4857922400e+02	2.7787452889e-04
