# Filename: guide/20240720PBS_RTstreak_target_APC680f.ascii
 
Time explicit
Intervalnr 1
352.41864
5.9025006100e+02	7.9962048964e-01
5.9239910900e+02	6.7187252343e-01
5.9454815700e+02	7.2948510503e-01
5.9669726600e+02	7.9106944722e-01
5.9884631300e+02	8.1378645970e-01
6.0099536100e+02	8.5582807127e-01
6.0314447000e+02	7.3018782961e-01
6.0529351800e+02	7.8563597488e-01
6.0744256600e+02	8.3704025863e-01
6.0959167500e+02	8.0291944729e-01
6.1174072300e+02	1.0638202160e+00
6.1388977100e+02	1.1261862386e+00
6.1603881800e+02	1.0693297952e+00
6.1818792700e+02	1.0625100895e+00
6.2033697500e+02	1.0976960857e+00
6.2248608400e+02	1.1983000200e+00
6.2463513200e+02	1.2607947427e+00
6.2678418000e+02	1.2755978455e+00
6.2893322800e+02	1.5407087331e+00
6.3108233600e+02	1.5746308897e+00
6.3323138400e+02	1.4780502698e+00
6.3538049300e+02	1.6207941250e+00
6.3752954100e+02	1.8466802167e+00
6.3967858900e+02	1.7660824083e+00
6.4182763700e+02	2.1727808820e+00
6.4397674600e+02	2.2423160542e+00
6.4612579300e+02	2.3610306697e+00
6.4827490200e+02	2.9107263856e+00
6.5042395000e+02	3.1088520804e+00
6.5257299800e+02	3.9246648447e+00
6.5472204600e+02	4.6289022168e+00
6.5687115500e+02	5.2932075052e+00
6.5902020300e+02	5.8950307927e+00
6.6116931200e+02	6.3926730684e+00
6.6331835900e+02	7.9482058478e+00
6.6546740700e+02	1.0150177135e+01
6.6761645500e+02	1.4176882176e+01
6.6976556400e+02	2.0107302706e+01
6.7191461200e+02	3.2334888034e+01
6.7406372100e+02	5.4707440244e+01
6.7621276900e+02	8.8464257324e+01
6.7836181600e+02	1.3629477896e+02
6.8051086400e+02	1.8033720864e+02
6.8265997300e+02	2.0651473138e+02
6.8480902100e+02	2.0454372041e+02
6.8695813000e+02	1.7864214263e+02
6.8910717800e+02	1.4108234871e+02
6.9125622600e+02	1.0666485270e+02
6.9340527300e+02	7.9663378863e+01
6.9555438200e+02	6.1039266480e+01
6.9770343000e+02	4.7420772887e+01
6.9985253900e+02	3.8280645029e+01
7.0200158700e+02	3.2870950098e+01
7.0415063500e+02	2.8113069591e+01
7.0629968300e+02	2.6249704201e+01
7.0844879200e+02	2.3676167963e+01
7.1059783900e+02	2.2906726276e+01
7.1274694800e+02	2.1846293873e+01
7.1489599600e+02	2.0285123149e+01
7.1704504400e+02	2.0336453927e+01
7.1919409200e+02	1.8866958305e+01
7.2134320100e+02	1.7206831909e+01
7.2349224900e+02	1.6064886293e+01
7.2564135700e+02	1.4685772888e+01
7.2779040500e+02	1.3680048464e+01
7.2993945300e+02	1.3462853727e+01
7.3208850100e+02	1.3236751978e+01
7.3423761000e+02	1.3232655749e+01
7.3638665800e+02	1.2282965897e+01
7.3853576700e+02	1.3521294501e+01
7.4068481400e+02	1.4381499767e+01
7.4283386200e+02	1.5674267450e+01
7.4498291000e+02	1.7525505252e+01
7.4713201900e+02	1.8539382019e+01
7.4928106700e+02	1.8652199558e+01
7.5143017600e+02	1.8386827482e+01
7.5357922400e+02	1.7551639841e+01
7.5572827100e+02	1.6792678307e+01
7.5787731900e+02	1.5884157326e+01
7.6002642800e+02	1.5467213208e+01
7.6217547600e+02	1.4584394575e+01
7.6432458500e+02	1.4524772979e+01
7.6647363300e+02	1.4394604961e+01
7.6862268100e+02	1.3910603583e+01
7.7077172900e+02	1.2331617610e+01
7.7292083700e+02	1.1259453967e+01
7.7506988500e+02	9.7907397564e+00
7.7721899400e+02	8.0814582243e+00
7.7936804200e+02	6.9062219134e+00
7.8151709000e+02	6.1115094118e+00
7.8366613800e+02	5.1011050927e+00
7.8581524700e+02	4.3685438122e+00
7.8796429400e+02	4.1207411715e+00
7.9011340300e+02	3.7732579522e+00
7.9226245100e+02	3.6001840075e+00
7.9441149900e+02	3.3285335346e+00
7.9656054700e+02	2.8186460411e+00
7.9870965600e+02	2.9219354657e+00
8.0085870400e+02	2.8901518681e+00
8.0300781200e+02	2.3918693391e+00
8.0515686000e+02	2.5338337494e+00
8.0730590800e+02	2.2220166199e+00
8.0945495600e+02	2.2601145615e+00
8.1160406500e+02	2.1924390573e+00
8.1375311300e+02	1.9818331883e+00
8.1590222200e+02	1.9556319493e+00
8.1805127000e+02	1.7699609379e+00
8.2020031700e+02	1.9110608146e+00
8.2234936500e+02	1.8822432841e+00
8.2449847400e+02	1.8133779061e+00
8.2664752200e+02	1.7994081706e+00
8.2879663100e+02	1.5748816186e+00
8.3094567900e+02	1.5500962657e+00
8.3309472700e+02	1.7660550467e+00
8.3524377400e+02	1.5621075074e+00
8.3739288300e+02	1.4331293661e+00
8.3954193100e+02	1.3719093029e+00
8.4169104000e+02	1.3412063469e+00
8.4384008800e+02	1.2790401916e+00
8.4598913600e+02	1.3972796360e+00
8.4813818400e+02	1.2306107510e+00
