# Filename: guide/20241127streak_WT_target_DA_FRL_PC650t.ascii
 
Time explicit
Intervalnr 1
11.0931988
6.2937426800e+02	3.6784858092e-03
6.3152331500e+02	4.4095220134e-03
6.3367242400e+02	6.4041810146e-03
6.3582147200e+02	1.0668813254e-02
6.3797052000e+02	1.3741275834e-02
6.4011962900e+02	1.9282991603e-02
6.4226867700e+02	2.9106349686e-02
6.4441772500e+02	3.5850771584e-02
6.4656683300e+02	3.8187791908e-02
6.4871588100e+02	4.6981211090e-02
6.5086492900e+02	4.8578148127e-02
6.5301403800e+02	4.6265105063e-02
6.5516308600e+02	4.1289488239e-02
6.5731213400e+02	4.3856094104e-02
6.5946124300e+02	3.7732338511e-02
6.6161029100e+02	2.7505384771e-02
6.6375933800e+02	1.9062147778e-02
6.6590844700e+02	2.1374987671e-02
6.6805749500e+02	9.5199987197e-03
6.7020654300e+02	8.9914471892e-03
6.7235565200e+02	1.2533427656e-02
6.7450470000e+02	9.2697926523e-03
6.7665374800e+02	3.7552780074e-03
6.7880285600e+02	1.5689412605e-03
6.8095190400e+02	0.0000000000e+00
6.8310095200e+02	1.4253305735e-03
6.8525006100e+02	0.0000000000e+00
6.8739910900e+02	1.4750142627e-04
6.8954815700e+02	1.5303054159e-04
6.9169726600e+02	9.5081536010e-03
6.9384631300e+02	5.7420639082e-04
6.9599536100e+02	6.4890334829e-03
6.9814447000e+02	2.1345412574e-04
7.0029351800e+02	2.2029579701e-03
7.0244256600e+02	2.9451991235e-03
7.0459167500e+02	4.9890274653e-03
7.0674072300e+02	1.9949608908e-03
7.0888977100e+02	0.0000000000e+00
7.1103881800e+02	2.3713618402e-04
7.1318792700e+02	0.0000000000e+00
7.1533697500e+02	1.6290968557e-04
7.1748608400e+02	0.0000000000e+00
7.1963513200e+02	0.0000000000e+00
7.2178418000e+02	0.0000000000e+00
7.2393322800e+02	0.0000000000e+00
7.2608233600e+02	1.3846203444e-03
7.2823138400e+02	5.9495915056e-05
7.3038049300e+02	1.2423321828e-03
7.3252954100e+02	1.0404337241e-05
7.3467858900e+02	0.0000000000e+00
7.3682763700e+02	1.7738650930e-04
7.3897674600e+02	3.2791667063e-04
7.4112579300e+02	7.7075286607e-04
7.4327490200e+02	6.3766054377e-04
7.4542395000e+02	4.2919976527e-04
7.4757299800e+02	3.6664176886e-04
7.4972204600e+02	5.6782140744e-04
7.5187115500e+02	4.0714564859e-04
7.5402020300e+02	1.2302821461e-04
7.5616931200e+02	7.1886192136e-05
7.5831835900e+02	1.2337552249e-04
7.6046740700e+02	1.4682441076e-04
7.6261645500e+02	2.8976685199e-04
7.6476556400e+02	2.2280601518e-05
7.6691461200e+02	0.0000000000e+00
7.6906372100e+02	0.0000000000e+00
7.7121276900e+02	0.0000000000e+00
7.7336181600e+02	4.3236644159e-05
7.7551086400e+02	0.0000000000e+00
7.7765997300e+02	6.2325752734e-05
7.7980902100e+02	1.1857399119e-04
7.8195813000e+02	1.3217174179e-05
7.8410717800e+02	5.0874500124e-05
7.8625622600e+02	2.1375692206e-04
7.8840527300e+02	6.9406737581e-05
7.9055438200e+02	2.4831440948e-05
7.9270343000e+02	2.1413071468e-04
7.9485253900e+02	3.5678051343e-04
7.9700158700e+02	8.6824627429e-05
7.9915063500e+02	1.4112849985e-04
8.0129968300e+02	3.2163072476e-04
8.0344879200e+02	0.0000000000e+00
8.0559783900e+02	4.9343338277e-05
8.0774694800e+02	3.9439433404e-05
8.0989599600e+02	3.0973050651e-05
8.1204504400e+02	4.5495388540e-04
8.1419409200e+02	8.4059344085e-05
8.1634320100e+02	5.9006460754e-05
8.1849224900e+02	1.7594616902e-04
8.2064135700e+02	1.0125691147e-04
8.2279040500e+02	5.2720896980e-05
8.2493945300e+02	4.7199452744e-05
8.2708850100e+02	0.0000000000e+00
8.2923761000e+02	1.0451157132e-04
8.3138665800e+02	9.6467493557e-05
8.3353576700e+02	4.1453430684e-05
8.3568481400e+02	0.0000000000e+00
8.3783386200e+02	1.1348126898e-04
8.3998291000e+02	1.9250360933e-04
8.4213201900e+02	1.4315179391e-05
8.4428106700e+02	2.0358655737e-05
8.4643017600e+02	6.2778015436e-05
8.4857922400e+02	3.7095876280e-05
