# Filename: guide/20241111PSI__streak_targetWT_PSII3.ascii
 
Time explicit
Intervalnr 1
11.0931988
6.2937426800e+02	6.0204777917e-01
6.3152331500e+02	5.8298196874e-01
6.3367242400e+02	6.3330016021e-01
6.3582147200e+02	6.6038109510e-01
6.3797052000e+02	7.3791797665e-01
6.4011962900e+02	9.7705494754e-01
6.4226867700e+02	1.0670153088e+00
6.4441772500e+02	1.1531895152e+00
6.4656683300e+02	1.2320045615e+00
6.4871588100e+02	1.5657672457e+00
6.5086492900e+02	1.6045909162e+00
6.5301403800e+02	1.6671040324e+00
6.5516308600e+02	1.5962415560e+00
6.5731213400e+02	1.8447869577e+00
6.5946124300e+02	2.0463771263e+00
6.6161029100e+02	1.8604169732e+00
6.6375933800e+02	1.8271000035e+00
6.6590844700e+02	2.1456437413e+00
6.6805749500e+02	2.2717277333e+00
6.7020654300e+02	2.0042674321e+00
6.7235565200e+02	2.0632981784e+00
6.7450470000e+02	2.3425080476e+00
6.7665374800e+02	2.9516823909e+00
6.7880285600e+02	3.7848338192e+00
6.8095190400e+02	4.9271972350e+00
6.8310095200e+02	6.0168698994e+00
6.8525006100e+02	6.6543667240e+00
6.8739910900e+02	7.0569752362e+00
6.8954815700e+02	7.2071553132e+00
6.9169726600e+02	7.5298085262e+00
6.9384631300e+02	8.4083197821e+00
6.9599536100e+02	9.3472477494e+00
6.9814447000e+02	9.1615394555e+00
7.0029351800e+02	8.1135578761e+00
7.0244256600e+02	6.8993605629e+00
7.0459167500e+02	5.6835030889e+00
7.0674072300e+02	5.0096130876e+00
7.0888977100e+02	4.4944512583e+00
7.1103881800e+02	4.1344546228e+00
7.1318792700e+02	4.2746717218e+00
7.1533697500e+02	4.3501645896e+00
7.1748608400e+02	3.8455121136e+00
7.1963513200e+02	3.9011770807e+00
7.2178418000e+02	3.7090572801e+00
7.2393322800e+02	3.5967556058e+00
7.2608233600e+02	3.3484486815e+00
7.2823138400e+02	2.6925578413e+00
7.3038049300e+02	2.8581910030e+00
7.3252954100e+02	2.7099813206e+00
7.3467858900e+02	2.4231722432e+00
7.3682763700e+02	2.4218012026e+00
7.3897674600e+02	2.1532428575e+00
7.4112579300e+02	1.8754706514e+00
7.4327490200e+02	1.9894247592e+00
7.4542395000e+02	2.2036584497e+00
7.4757299800e+02	2.1762993399e+00
7.4972204600e+02	1.9962459198e+00
7.5187115500e+02	2.0679883655e+00
7.5402020300e+02	2.1276045734e+00
7.5616931200e+02	2.0405053777e+00
7.5831835900e+02	2.4111494716e+00
7.6046740700e+02	2.2242250797e+00
7.6261645500e+02	2.0567928953e+00
7.6476556400e+02	1.9490732521e+00
7.6691461200e+02	1.9009879141e+00
7.6906372100e+02	1.5857636713e+00
7.7121276900e+02	1.7941283651e+00
7.7336181600e+02	1.7867628943e+00
7.7551086400e+02	1.6324773988e+00
7.7765997300e+02	1.6250274162e+00
7.7980902100e+02	1.4157354830e+00
7.8195813000e+02	1.2265977003e+00
7.8410717800e+02	1.2087027454e+00
7.8625622600e+02	1.2976889161e+00
7.8840527300e+02	9.3572559345e-01
7.9055438200e+02	1.2318456850e+00
7.9270343000e+02	1.0090823737e+00
7.9485253900e+02	9.2300278373e-01
7.9700158700e+02	7.0489862766e-01
7.9915063500e+02	8.7511191862e-01
8.0129968300e+02	1.0182093301e+00
8.0344879200e+02	8.3528427028e-01
8.0559783900e+02	7.1200335472e-01
8.0774694800e+02	7.2137955848e-01
8.0989599600e+02	7.6275065015e-01
8.1204504400e+02	6.9462005835e-01
8.1419409200e+02	8.3369124117e-01
8.1634320100e+02	5.9646670745e-01
8.1849224900e+02	6.0809277824e-01
8.2064135700e+02	6.4593355005e-01
8.2279040500e+02	5.8641909755e-01
8.2493945300e+02	5.4295569293e-01
8.2708850100e+02	6.2816584279e-01
8.2923761000e+02	5.9618199476e-01
8.3138665800e+02	6.3558226651e-01
8.3353576700e+02	5.4694553290e-01
8.3568481400e+02	6.1813502619e-01
8.3783386200e+02	5.2658524386e-01
8.3998291000e+02	6.3267390171e-01
8.4213201900e+02	5.5668651870e-01
8.4428106700e+02	5.1481927326e-01
8.4643017600e+02	5.4540548931e-01
8.4857922400e+02	4.9555376708e-01
