# Filename: guide/20241111PSI__streak_targetWT_APC660e.ascii
 
Time explicit
Intervalnr 1
11.0931988
6.2937426800e+02	4.0469742683e-02
6.3152331500e+02	1.5544331273e+00
6.3367242400e+02	2.9152412176e+00
6.3582147200e+02	2.9329553953e+00
6.3797052000e+02	6.1204588937e+00
6.4011962900e+02	5.9398680891e+00
6.4226867700e+02	7.4114965047e+00
6.4441772500e+02	1.4931697940e+01
6.4656683300e+02	3.1932817283e+01
6.4871588100e+02	3.8741690883e+01
6.5086492900e+02	5.9162476736e+01
6.5301403800e+02	7.9156967149e+01
6.5516308600e+02	1.0482094342e+02
6.5731213400e+02	1.1883309498e+02
6.5946124300e+02	1.3755985117e+02
6.6161029100e+02	1.6140550451e+02
6.6375933800e+02	1.7816827130e+02
6.6590844700e+02	1.7138623550e+02
6.6805749500e+02	1.7973154670e+02
6.7020654300e+02	1.4895363278e+02
6.7235565200e+02	1.1058647791e+02
6.7450470000e+02	8.0905156897e+01
6.7665374800e+02	6.4726731301e+01
6.7880285600e+02	3.7238380046e+01
6.8095190400e+02	6.2040416384e+01
6.8310095200e+02	2.5530572120e+01
6.8525006100e+02	2.5657791796e+01
6.8739910900e+02	2.0506579775e+01
6.8954815700e+02	2.8812217275e+01
6.9169726600e+02	1.5442112866e+00
6.9384631300e+02	3.3118973277e+01
6.9599536100e+02	1.6148666861e+01
6.9814447000e+02	3.8404823034e+01
7.0029351800e+02	3.1720465152e+01
7.0244256600e+02	4.0468073116e+01
7.0459167500e+02	2.7190185929e+01
7.0674072300e+02	3.1105001535e+01
7.0888977100e+02	4.1260290414e+01
7.1103881800e+02	3.8240781790e+01
7.1318792700e+02	3.6658075293e+01
7.1533697500e+02	2.8756431873e+01
7.1748608400e+02	2.8302158613e+01
7.1963513200e+02	3.7195702352e+01
7.2178418000e+02	3.1272108771e+01
7.2393322800e+02	2.9894863271e+01
7.2608233600e+02	2.8201703111e+01
7.2823138400e+02	2.4206664652e+01
7.3038049300e+02	2.3145120528e+01
7.3252954100e+02	2.2292196259e+01
7.3467858900e+02	2.6203511064e+01
7.3682763700e+02	1.6861304986e+01
7.3897674600e+02	1.7998428777e+01
7.4112579300e+02	8.3076074718e+00
7.4327490200e+02	9.5955857918e+00
7.4542395000e+02	5.3337843487e+00
7.4757299800e+02	1.7858192190e+00
7.4972204600e+02	3.8505285967e+00
7.5187115500e+02	1.1841563875e+00
7.5402020300e+02	2.1587751508e-01
7.5616931200e+02	8.9945711604e-02
7.5831835900e+02	0.0000000000e+00
7.6046740700e+02	0.0000000000e+00
7.6261645500e+02	1.4563755974e-01
7.6476556400e+02	0.0000000000e+00
7.6691461200e+02	0.0000000000e+00
7.6906372100e+02	0.0000000000e+00
7.7121276900e+02	0.0000000000e+00
7.7336181600e+02	0.0000000000e+00
7.7551086400e+02	0.0000000000e+00
7.7765997300e+02	1.2816541531e-01
7.7980902100e+02	3.2637822057e-02
7.8195813000e+02	0.0000000000e+00
7.8410717800e+02	7.6373181208e-02
7.8625622600e+02	1.0373390248e+00
7.8840527300e+02	1.1823268989e+00
7.9055438200e+02	2.1238207566e+00
7.9270343000e+02	1.2270483352e+00
7.9485253900e+02	1.5051627047e+00
7.9700158700e+02	3.4876191695e-01
7.9915063500e+02	2.2776051065e+00
8.0129968300e+02	0.0000000000e+00
8.0344879200e+02	1.8074511091e+00
8.0559783900e+02	3.0556794649e+00
8.0774694800e+02	1.5020268275e+00
8.0989599600e+02	1.4262365238e+00
8.1204504400e+02	1.2916696404e-01
8.1419409200e+02	1.1654373718e+00
8.1634320100e+02	1.5237164548e+00
8.1849224900e+02	3.1548732496e-01
8.2064135700e+02	9.9637029971e-01
8.2279040500e+02	8.8832415502e-01
8.2493945300e+02	9.2018369531e-01
8.2708850100e+02	2.0697255089e+00
8.2923761000e+02	1.4866230052e+00
8.3138665800e+02	8.2776415683e-01
8.3353576700e+02	4.5630589290e-01
8.3568481400e+02	7.5096567540e-01
8.3783386200e+02	4.4190297026e-01
8.3998291000e+02	3.1131220675e-01
8.4213201900e+02	1.0061054068e+00
8.4428106700e+02	4.3160495240e-01
8.4643017600e+02	3.3309467163e-01
8.4857922400e+02	4.9304637100e-02
