# Filename: guide/20241113streak_WT_target_DA_FRL_PSI1.ascii
 
Time explicit
Intervalnr 1
11.0931988
6.2937426800e+02	0.0000000000e+00
6.3152331500e+02	0.0000000000e+00
6.3367242400e+02	0.0000000000e+00
6.3582147200e+02	0.0000000000e+00
6.3797052000e+02	0.0000000000e+00
6.4011962900e+02	0.0000000000e+00
6.4226867700e+02	0.0000000000e+00
6.4441772500e+02	0.0000000000e+00
6.4656683300e+02	0.0000000000e+00
6.4871588100e+02	0.0000000000e+00
6.5086492900e+02	0.0000000000e+00
6.5301403800e+02	0.0000000000e+00
6.5516308600e+02	0.0000000000e+00
6.5731213400e+02	0.0000000000e+00
6.5946124300e+02	0.0000000000e+00
6.6161029100e+02	0.0000000000e+00
6.6375933800e+02	0.0000000000e+00
6.6590844700e+02	0.0000000000e+00
6.6805749500e+02	0.0000000000e+00
6.7020654300e+02	0.0000000000e+00
6.7235565200e+02	0.0000000000e+00
6.7450470000e+02	0.0000000000e+00
6.7665374800e+02	0.0000000000e+00
6.7880285600e+02	0.0000000000e+00
6.8095190400e+02	4.8648389518e+01
6.8310095200e+02	7.6598968015e+01
6.8525006100e+02	9.2596457772e+01
6.8739910900e+02	1.0288642193e+02
6.8954815700e+02	1.0502879272e+02
6.9169726600e+02	6.1909236630e+01
6.9384631300e+02	6.8450735695e+01
6.9599536100e+02	7.1287343664e+01
6.9814447000e+02	7.5414753182e+01
7.0029351800e+02	8.0030073412e+01
7.0244256600e+02	8.6012498281e+01
7.0459167500e+02	9.0533310678e+01
7.0674072300e+02	1.0191872046e+02
7.0888977100e+02	1.1725473351e+02
7.1103881800e+02	1.1791077110e+02
7.1318792700e+02	1.1918816959e+02
7.1533697500e+02	1.1047000961e+02
7.1748608400e+02	1.1240356392e+02
7.1963513200e+02	1.1268327382e+02
7.2178418000e+02	9.4794377527e+01
7.2393322800e+02	9.7857001566e+01
7.2608233600e+02	7.7211496067e+01
7.2823138400e+02	7.4798455497e+01
7.3038049300e+02	5.6344695818e+01
7.3252954100e+02	4.5875492840e+01
7.3467858900e+02	4.5228004737e+01
7.3682763700e+02	4.4135788412e+01
7.3897674600e+02	3.3375910098e+01
7.4112579300e+02	3.4667844657e+01
7.4327490200e+02	2.8243361755e+01
7.4542395000e+02	2.0648091788e+01
7.4757299800e+02	1.9931550135e+01
7.4972204600e+02	1.5437591156e+01
7.5187115500e+02	1.5839933769e+01
7.5402020300e+02	1.5271614818e+01
7.5616931200e+02	1.6062193079e+01
7.5831835900e+02	1.1144842872e+01
7.6046740700e+02	1.0444667296e+01
7.6261645500e+02	1.3036690038e+01
7.6476556400e+02	1.0877555598e+01
7.6691461200e+02	7.9762589318e+00
7.6906372100e+02	1.1293392974e+01
7.7121276900e+02	8.6864118704e+00
7.7336181600e+02	1.0608175195e+01
7.7551086400e+02	7.7078650216e+00
7.7765997300e+02	4.6945620496e+00
7.7980902100e+02	6.4582473130e+00
7.8195813000e+02	6.6179186772e+00
7.8410717800e+02	6.5723988360e+00
7.8625622600e+02	3.9778609994e+00
7.8840527300e+02	4.5192596742e+00
7.9055438200e+02	3.5599583374e+00
7.9270343000e+02	2.7520922561e+00
7.9485253900e+02	3.2194293344e+00
7.9700158700e+02	3.3450170756e+00
7.9915063500e+02	3.0149240304e+00
8.0129968300e+02	0.0000000000e+00
8.0344879200e+02	2.2951838472e-01
8.0559783900e+02	3.7624123572e+00
8.0774694800e+02	9.4198974306e-01
8.0989599600e+02	3.3112743942e+00
8.1204504400e+02	2.7400536386e+00
8.1419409200e+02	8.3827086079e+00
8.1634320100e+02	9.0804078111e+00
8.1849224900e+02	1.2162898092e+01
8.2064135700e+02	1.1868756775e+01
8.2279040500e+02	1.1442292847e+01
8.2493945300e+02	6.1387664229e+00
8.2708850100e+02	7.0681648967e+00
8.2923761000e+02	4.3215126897e+00
8.3138665800e+02	2.1063980199e+00
8.3353576700e+02	1.5201505921e-01
8.3568481400e+02	0.0000000000e+00
8.3783386200e+02	2.3287121144e+00
8.3998291000e+02	1.6900650771e+00
8.4213201900e+02	0.0000000000e+00
8.4428106700e+02	0.0000000000e+00
8.4643017600e+02	0.0000000000e+00
8.4857922400e+02	0.0000000000e+00
