# Filename: guide/20241127streak_WT_target_DA_FRL_PSII3.ascii
 
Time explicit
Intervalnr 1
11.0931988
6.2937426800e+02	7.4097522473e-04
6.3152331500e+02	7.2459912396e-04
6.3367242400e+02	8.0566096584e-04
6.3582147200e+02	8.2507871508e-04
6.3797052000e+02	8.1164922572e-04
6.4011962900e+02	8.9693482867e-04
6.4226867700e+02	7.6316443584e-04
6.4441772500e+02	7.9657780773e-04
6.4656683300e+02	1.0906977807e-03
6.4871588100e+02	1.0297349008e-03
6.5086492900e+02	1.2047264041e-03
6.5301403800e+02	1.7216244852e-03
6.5516308600e+02	1.6352681573e-03
6.5731213400e+02	1.8376778176e-03
6.5946124300e+02	1.9861415219e-03
6.6161029100e+02	1.9030438996e-03
6.6375933800e+02	1.8870600005e-03
6.6590844700e+02	1.3661334004e-03
6.6805749500e+02	1.7901057415e-03
6.7020654300e+02	1.9089269252e-03
6.7235565200e+02	2.2019402844e-03
6.7450470000e+02	2.5011616992e-03
6.7665374800e+02	3.4927814561e-03
6.7880285600e+02	4.3280365674e-03
6.8095190400e+02	5.5898507003e-03
6.8310095200e+02	6.5124449811e-03
6.8525006100e+02	7.3761490558e-03
6.8739910900e+02	7.8616760363e-03
6.8954815700e+02	8.5648024816e-03
6.9169726600e+02	9.4659865582e-03
6.9384631300e+02	1.1738286275e-02
6.9599536100e+02	1.2932952953e-02
6.9814447000e+02	1.2799881805e-02
7.0029351800e+02	1.0740750920e-02
7.0244256600e+02	9.3226880760e-03
7.0459167500e+02	7.4455074175e-03
7.0674072300e+02	6.3259846028e-03
7.0888977100e+02	6.0682232391e-03
7.1103881800e+02	5.3964709094e-03
7.1318792700e+02	5.5795829000e-03
7.1533697500e+02	5.8374859960e-03
7.1748608400e+02	5.0638033997e-03
7.1963513200e+02	5.0630041918e-03
7.2178418000e+02	4.9962993684e-03
7.2393322800e+02	4.6023313613e-03
7.2608233600e+02	4.2272432285e-03
7.2823138400e+02	2.9358652564e-03
7.3038049300e+02	3.2154370482e-03
7.3252954100e+02	3.0676726280e-03
7.3467858900e+02	2.7414276189e-03
7.3682763700e+02	2.4307963653e-03
7.3897674600e+02	2.0677915466e-03
7.4112579300e+02	1.7460394844e-03
7.4327490200e+02	1.9574302234e-03
7.4542395000e+02	2.1877277131e-03
7.4757299800e+02	2.2915807607e-03
7.4972204600e+02	2.1474736393e-03
7.5187115500e+02	2.2726124765e-03
7.5402020300e+02	2.4402128090e-03
7.5616931200e+02	2.4390822595e-03
7.5831835900e+02	3.0362988641e-03
7.6046740700e+02	2.6974241333e-03
7.6261645500e+02	2.5466453991e-03
7.6476556400e+02	2.3237723338e-03
7.6691461200e+02	2.4133391649e-03
7.6906372100e+02	2.0086291642e-03
7.7121276900e+02	2.2909903827e-03
7.7336181600e+02	2.3950106527e-03
7.7551086400e+02	2.0711280923e-03
7.7765997300e+02	2.1157864007e-03
7.7980902100e+02	1.7704159724e-03
7.8195813000e+02	1.5861057488e-03
7.8410717800e+02	1.5175623914e-03
7.8625622600e+02	1.6342630233e-03
7.8840527300e+02	1.1315200977e-03
7.9055438200e+02	1.6634111773e-03
7.9270343000e+02	1.3156091536e-03
7.9485253900e+02	1.1593437228e-03
7.9700158700e+02	8.2015280681e-04
7.9915063500e+02	1.0511737295e-03
8.0129968300e+02	1.3556517632e-03
8.0344879200e+02	1.0895335510e-03
8.0559783900e+02	9.8308699491e-04
8.0774694800e+02	8.6235905620e-04
8.0989599600e+02	9.4145920842e-04
8.1204504400e+02	8.2672068046e-04
8.1419409200e+02	1.0386388715e-03
8.1634320100e+02	7.2013456839e-04
8.1849224900e+02	6.7718748747e-04
8.2064135700e+02	6.3807529722e-04
8.2279040500e+02	5.5493354253e-04
8.2493945300e+02	6.2483657070e-04
8.2708850100e+02	7.4841951385e-04
8.2923761000e+02	7.6240399149e-04
8.3138665800e+02	8.1009648269e-04
8.3353576700e+02	6.8480396761e-04
8.3568481400e+02	7.7080952595e-04
8.3783386200e+02	6.1916343801e-04
8.3998291000e+02	7.6549761052e-04
8.4213201900e+02	7.4958731137e-04
8.4428106700e+02	6.6228657949e-04
8.4643017600e+02	7.1082641761e-04
8.4857922400e+02	6.2193954030e-04
