# Filename: guide/20241113streak_DG_target_DA_FRL_PSII2.ascii
 
Time explicit
Intervalnr 1
11.0931988
6.2922522000e+02	5.5548425249e-01
6.3137426800e+02	6.4102125553e-01
6.3352331500e+02	6.6461766832e-01
6.3567242400e+02	7.0278957346e-01
6.3782147200e+02	7.6632942964e-01
6.3997052000e+02	1.1403053951e+00
6.4211962900e+02	1.7123936834e+00
6.4426867700e+02	2.1383635535e+00
6.4641772500e+02	2.5980108671e+00
6.4856683300e+02	3.8139615451e+00
6.5071588100e+02	3.9441087561e+00
6.5286492900e+02	3.8723586150e+00
6.5501403800e+02	3.8088781671e+00
6.5716308600e+02	4.3758189042e+00
6.5931213400e+02	5.2274013880e+00
6.6146124300e+02	5.1667281480e+00
6.6361029100e+02	5.7173728056e+00
6.6575933800e+02	8.3040022934e+00
6.6790844700e+02	8.1397547060e+00
6.7005749500e+02	8.9360685368e+00
6.7220654300e+02	1.0213821881e+01
6.7435565200e+02	1.0565858723e+01
6.7650470000e+02	9.9296967845e+00
6.7865374800e+02	1.1270455582e+01
6.8080285600e+02	1.2238093968e+01
6.8295190400e+02	1.6068346956e+01
6.8510095200e+02	1.8820785463e+01
6.8725006100e+02	2.0200326450e+01
6.8939910900e+02	2.1631604371e+01
6.9154815700e+02	2.2421640150e+01
6.9369726600e+02	2.2034359065e+01
6.9584631300e+02	2.1791032360e+01
6.9799536100e+02	1.8027975939e+01
7.0014447000e+02	1.5308905785e+01
7.0229351800e+02	1.1988321196e+01
7.0444256600e+02	1.1046420744e+01
7.0659167500e+02	9.6659913138e+00
7.0874072300e+02	9.1104915394e+00
7.1088977100e+02	9.6236722231e+00
7.1303881800e+02	9.7924074057e+00
7.1518792700e+02	9.8381519870e+00
7.1733697500e+02	1.0279012176e+01
7.1948608400e+02	9.6393016270e+00
7.2163513200e+02	9.6361528974e+00
7.2378418000e+02	8.6600208105e+00
7.2593322800e+02	7.6484955542e+00
7.2808233600e+02	7.3859629286e+00
7.3023138400e+02	6.8783447451e+00
7.3238049300e+02	6.1545974425e+00
7.3452954100e+02	5.1047211764e+00
7.3667858900e+02	5.3727609281e+00
7.3882763700e+02	5.2218559472e+00
7.4097674600e+02	5.5241454551e+00
7.4312579300e+02	4.9836886505e+00
7.4527490200e+02	5.3365820834e+00
7.4742395000e+02	4.9983795676e+00
7.4957299800e+02	5.1705372640e+00
7.5172204600e+02	5.5770044163e+00
7.5387115500e+02	5.2004190059e+00
7.5602020300e+02	5.2379483832e+00
7.5816931200e+02	4.7051554914e+00
7.6031835900e+02	4.3980150236e+00
7.6246740700e+02	3.9800616400e+00
7.6461645500e+02	3.8673508592e+00
7.6676556400e+02	3.8648506238e+00
7.6891461200e+02	3.2905903196e+00
7.7106372100e+02	3.1351769755e+00
7.7321276900e+02	2.8157668301e+00
7.7536181600e+02	2.5487824125e+00
7.7751086400e+02	2.5444456859e+00
7.7965997300e+02	2.3106227094e+00
7.8180902100e+02	2.0067584188e+00
7.8395813000e+02	1.8343233817e+00
7.8610717800e+02	1.5264225076e+00
7.8825622600e+02	1.7217721720e+00
7.9040527300e+02	1.2331339212e+00
7.9255438200e+02	1.1824772887e+00
7.9470343000e+02	1.0868913034e+00
7.9685253900e+02	1.1118245032e+00
7.9900158700e+02	1.0410475129e+00
8.0115063500e+02	8.8098229693e-01
8.0329968300e+02	8.4909577077e-01
8.0544879200e+02	7.3816825957e-01
8.0759783900e+02	7.9919780984e-01
8.0974694800e+02	7.1219315298e-01
8.1189599600e+02	6.5282315594e-01
8.1404504400e+02	5.7989824976e-01
8.1619409200e+02	6.1055798715e-01
8.1834320100e+02	6.2763497966e-01
8.2049224900e+02	4.9055158892e-01
8.2264135700e+02	5.2514111434e-01
8.2479040500e+02	4.9960347950e-01
8.2693945300e+02	3.6229933094e-01
8.2908850100e+02	4.0695808331e-01
8.3123761000e+02	4.1907115827e-01
8.3338665800e+02	3.6179563477e-01
8.3553576700e+02	2.0693117172e-01
8.3768481400e+02	3.2400456936e-01
8.3983386200e+02	3.5794349781e-01
8.4198291000e+02	2.2275580712e-01
8.4413201900e+02	2.7027939105e-01
8.4628106700e+02	3.3023770781e-01
8.4843017600e+02	2.1393193311e-01
