# Filename: guide/20240730DG_PBS_77Kstreak_target_APC680f.ascii
 
Time explicit
Intervalnr 1
19.4186287
5.9239910900e+02	2.7081812189e+00
5.9669726600e+02	3.0399377778e+00
6.0099536100e+02	3.3946805563e+00
6.0529351800e+02	3.6070771677e+00
6.0959167500e+02	4.1030727663e+00
6.1388977100e+02	4.7027415597e+00
6.1818792700e+02	4.6458297080e+00
6.2248608400e+02	5.2487576757e+00
6.2678418000e+02	5.6778065142e+00
6.3108233600e+02	6.7405890815e+00
6.3538049300e+02	6.8832712442e+00
6.3967858900e+02	7.7647219020e+00
6.4397674600e+02	9.8530059826e+00
6.4827490200e+02	1.2578501368e+01
6.5257299800e+02	2.0334979210e+01
6.5687115500e+02	2.7758391996e+01
6.6116931200e+02	3.4412830336e+01
6.6546740700e+02	4.6239764824e+01
6.6976556400e+02	8.5595417458e+01
6.7406372100e+02	2.1129440319e+02
6.7836181600e+02	5.2057230034e+02
6.8265997300e+02	8.2379448258e+02
6.8695813000e+02	7.6444475020e+02
6.9125622600e+02	4.8682403765e+02
6.9555438200e+02	2.7916875584e+02
6.9985253900e+02	1.7488098801e+02
7.0415063500e+02	1.2608526130e+02
7.0844879200e+02	1.0386138003e+02
7.1274694800e+02	9.2935467692e+01
7.1704504400e+02	8.4646727250e+01
7.2134320100e+02	7.5329296723e+01
7.2564135700e+02	6.5073488752e+01
7.2993945300e+02	5.8055128050e+01
7.3423761000e+02	5.6962413945e+01
7.3853576700e+02	5.7578739857e+01
7.4283386200e+02	6.4681479686e+01
7.4713201900e+02	7.5799019480e+01
7.5143017600e+02	7.8552868490e+01
7.5572827100e+02	7.2777816352e+01
7.6002642800e+02	6.4654507471e+01
7.6432458500e+02	6.1795944168e+01
7.6862268100e+02	5.7772633521e+01
7.7292083700e+02	4.6642114329e+01
7.7721899400e+02	3.5246487549e+01
7.8151709000e+02	2.5422534002e+01
7.8581524700e+02	1.9264602709e+01
7.9011340300e+02	1.5397889171e+01
7.9441149900e+02	1.3484753567e+01
7.9870965600e+02	1.1815338995e+01
8.0300781200e+02	1.0506036672e+01
8.0730590800e+02	9.4816781968e+00
8.1160406500e+02	8.7993097240e+00
8.1590222200e+02	8.1465014863e+00
8.2020031700e+02	7.4203179050e+00
8.2449847400e+02	7.2261625351e+00
8.2879663100e+02	7.0201961374e+00
8.3309472700e+02	6.5206821778e+00
8.3739288300e+02	6.0378374534e+00
8.4169104000e+02	5.6085985783e+00
8.4598913600e+02	5.4645842527e+00
