# Filename: guide/20240720PBS_77Kstreak_target_APC680f.ascii
 
Time explicit
Intervalnr 1
19.4186287
5.9239910900e+02	1.4712437982e+00
5.9669726600e+02	1.5356147936e+00
6.0099536100e+02	1.6787408126e+00
6.0529351800e+02	1.5063180155e+00
6.0959167500e+02	1.6357237566e+00
6.1388977100e+02	2.1547557146e+00
6.1818792700e+02	2.1394871018e+00
6.2248608400e+02	2.2940653890e+00
6.2678418000e+02	2.5059376932e+00
6.3108233600e+02	3.1000918162e+00
6.3538049300e+02	3.0930898223e+00
6.3967858900e+02	3.6262810863e+00
6.4397674600e+02	4.4050984330e+00
6.4827490200e+02	5.3130614128e+00
6.5257299800e+02	7.1254632619e+00
6.5687115500e+02	1.0003006612e+01
6.6116931200e+02	1.2362827300e+01
6.6546740700e+02	1.8185216754e+01
6.6976556400e+02	3.4458651009e+01
6.7406372100e+02	8.7690400722e+01
6.7836181600e+02	2.2626540136e+02
6.8265997300e+02	3.8901205551e+02
6.8695813000e+02	3.8518890184e+02
6.9125622600e+02	2.4907419255e+02
6.9555438200e+02	1.4146520639e+02
6.9985253900e+02	8.6060856425e+01
7.0415063500e+02	6.1328377134e+01
7.0844879200e+02	5.0192216914e+01
7.1274694800e+02	4.4937632355e+01
7.1704504400e+02	4.0849344171e+01
7.2134320100e+02	3.6461931945e+01
7.2564135700e+02	3.0926102911e+01
7.2993945300e+02	2.7325217373e+01
7.3423761000e+02	2.6585942023e+01
7.3853576700e+02	2.5976199888e+01
7.4283386200e+02	3.0211661261e+01
7.4713201900e+02	3.6256026642e+01
7.5143017600e+02	3.7238436678e+01
7.5572827100e+02	3.4656578556e+01
7.6002642800e+02	3.1626606572e+01
7.6432458500e+02	2.9356045056e+01
7.6862268100e+02	2.8496073307e+01
7.7292083700e+02	2.3774873382e+01
7.7721899400e+02	1.8007261823e+01
7.8151709000e+02	1.3051096397e+01
7.8581524700e+02	9.5458984720e+00
7.9011340300e+02	7.9299507440e+00
7.9441149900e+02	6.9411553404e+00
7.9870965600e+02	5.7841509139e+00
8.0300781200e+02	5.3138099912e+00
8.0730590800e+02	4.7703485728e+00
8.1160406500e+02	4.4780492155e+00
8.1590222200e+02	3.9753002842e+00
8.2020031700e+02	3.6176052254e+00
8.2449847400e+02	3.7087442498e+00
8.2879663100e+02	3.4011425621e+00
8.3309472700e+02	3.3222587718e+00
8.3739288300e+02	3.0050247518e+00
8.4169104000e+02	2.7282479817e+00
8.4598913600e+02	2.6972246751e+00
