# Filename: guide/20240720PSend_77Kstreak_target_FRL610r1.ascii
 
Time explicit
Intervalnr 1
11.0931988
6.2937426800e+02	0.0000000000e+00
6.3152331500e+02	0.0000000000e+00
6.3367242400e+02	0.0000000000e+00
6.3582147200e+02	1.4222667792e+01
6.3797052000e+02	9.3555412107e+01
6.4011962900e+02	2.2087420694e+01
6.4226867700e+02	1.0039273138e+02
6.4441772500e+02	1.7450809021e+02
6.4656683300e+02	2.1451604371e+02
6.4871588100e+02	2.2510075818e+02
6.5086492900e+02	2.9892443810e+02
6.5301403800e+02	2.9877411120e+02
6.5516308600e+02	3.4402768151e+02
6.5731213400e+02	3.7366506514e+02
6.5946124300e+02	4.1689393132e+02
6.6161029100e+02	3.9746496071e+02
6.6375933800e+02	3.8085675520e+02
6.6590844700e+02	3.5151047650e+02
6.6805749500e+02	2.9465597311e+02
6.7020654300e+02	2.6150628390e+02
6.7235565200e+02	2.3222186570e+02
6.7450470000e+02	2.1803680551e+02
6.7665374800e+02	1.8666121549e+02
6.7880285600e+02	1.5704168290e+02
6.8095190400e+02	1.6030847350e+02
6.8310095200e+02	1.2535299642e+02
6.8525006100e+02	1.2693693997e+02
6.8739910900e+02	1.0406542373e+02
6.8954815700e+02	1.0952218975e+02
6.9169726600e+02	1.0497094969e+02
6.9384631300e+02	1.4333691437e+02
6.9599536100e+02	1.3596120973e+02
6.9814447000e+02	1.4684532969e+02
7.0029351800e+02	1.1374104822e+02
7.0244256600e+02	1.2316615217e+02
7.0459167500e+02	1.3894259312e+02
7.0674072300e+02	1.0232360718e+02
7.0888977100e+02	1.3491793418e+02
7.1103881800e+02	9.7923425973e+01
7.1318792700e+02	1.0697096034e+02
7.1533697500e+02	1.0836308981e+02
7.1748608400e+02	9.2139689191e+01
7.1963513200e+02	9.1557844079e+01
7.2178418000e+02	9.6205115693e+01
7.2393322800e+02	8.2812766586e+01
7.2608233600e+02	7.8730063951e+01
7.2823138400e+02	6.4151285942e+01
7.3038049300e+02	5.6138865054e+01
7.3252954100e+02	3.7303170634e+01
7.3467858900e+02	3.9775018874e+01
7.3682763700e+02	3.0670364786e+01
7.3897674600e+02	4.5481149098e+01
7.4112579300e+02	2.6912332177e+01
7.4327490200e+02	2.5194298616e+01
7.4542395000e+02	1.3922134774e+01
7.4757299800e+02	1.1814823000e+01
7.4972204600e+02	2.5803110352e+01
7.5187115500e+02	5.5833454444e+00
7.5402020300e+02	0.0000000000e+00
7.5616931200e+02	1.9495986396e+00
7.5831835900e+02	1.1057629039e+01
7.6046740700e+02	1.3574112770e+00
7.6261645500e+02	9.8009674530e+00
7.6476556400e+02	6.6057964542e-01
7.6691461200e+02	1.9910597398e+00
7.6906372100e+02	0.0000000000e+00
7.7121276900e+02	0.0000000000e+00
7.7336181600e+02	1.5179664596e+00
7.7551086400e+02	4.2774948640e-01
7.7765997300e+02	8.2211511072e+00
7.7980902100e+02	1.8245324441e+00
7.8195813000e+02	4.6437507538e+00
7.8410717800e+02	1.4773524780e+00
7.8625622600e+02	9.6723673532e+00
7.8840527300e+02	5.0813785386e+00
7.9055438200e+02	3.5286612082e+00
7.9270343000e+02	4.2054904440e+00
7.9485253900e+02	3.4478175053e+00
7.9700158700e+02	3.9935953864e+00
7.9915063500e+02	1.0226780563e+00
8.0129968300e+02	0.0000000000e+00
8.0344879200e+02	7.5984340555e-01
8.0559783900e+02	9.8096006400e+00
8.0774694800e+02	7.6871459844e-01
8.0989599600e+02	0.0000000000e+00
8.1204504400e+02	0.0000000000e+00
8.1419409200e+02	3.6866576181e+00
8.1634320100e+02	0.0000000000e+00
8.1849224900e+02	2.2921557774e+00
8.2064135700e+02	1.6305186134e+00
8.2279040500e+02	0.0000000000e+00
8.2493945300e+02	3.5817794495e+00
8.2708850100e+02	1.2294612084e+00
8.2923761000e+02	1.6309055240e+00
8.3138665800e+02	1.2791858532e+00
8.3353576700e+02	0.0000000000e+00
8.3568481400e+02	0.0000000000e+00
8.3783386200e+02	8.7238083633e-01
8.3998291000e+02	0.0000000000e+00
8.4213201900e+02	3.2597796528e+00
8.4428106700e+02	6.2350514835e-01
8.4643017600e+02	2.1963062155e+00
8.4857922400e+02	2.8813070214e-01
