20241127streak_WT_target_DA_FRL_PSII1int.ascii                                                                                                                                                          
                                                                                
 Time explicit
 Intervalnr            1
           1
   653.851318      -5.57186753E-02
   656.132324       9.54572018E-03
   658.413330       7.48101175E-02
   660.694275      0.140072763    
   662.975220      0.205335423    
   665.256226      0.270599812    
   667.537170      0.335862458    
   669.818176      0.401126862    
   672.099182      0.466391265    
   674.380188      0.531655669    
   676.661194      0.596920073    
   678.942200      0.662184417    
   681.223083      0.727445364    
   683.504211      0.792713225    
   685.785217      0.857977629    
   688.066223      0.923242033    
   690.347107      0.988502920    
   692.628113               1
   694.909119      0.933509588    
   697.190125      0.867019176    
   699.471130      0.800528765    
   701.752075      0.734040082    
   704.033081      0.667549670    
   706.314087      0.601059258    
   708.595093      0.534568846    
   710.875977      0.468082011    
   713.156982      0.401591599    
   715.437988      0.335101157    
   717.719116      0.275069982    
   720.000000      0.271839857    
   722.281006      0.268609583    
   724.562012      0.265379280    
   726.843018      0.262149006    
   729.124023      0.258918703    
   731.405029      0.255688429    
   733.685974      0.252458215    
   735.966980      0.249227941    
   738.247986      0.245997652    
   740.528870      0.242767528    
   742.809875      0.239537239    
   745.090881      0.237000093    
   747.371887      0.234640434    
   749.652893      0.232280776    
   751.933899      0.229921117    
   754.214905      0.227561459    
   756.495911      0.225201800    
   758.776917      0.222842142    
   761.057922      0.220482484    
   763.338928      0.218122825    
   765.619873      0.215763241    
   767.900879      0.213403583    
   770.181824      0.211043984    
   772.462830      0.208684325    
   774.743774      0.206324726    
   777.024780      0.203965068    
