# Filename: guide/20240720PSend_77Kstreak_target_PSIIend.ascii
 
Time explicit
Intervalnr 1
11.0931988
6.2937426800e+02	2.2620964182e+00
6.3152331500e+02	2.0397639108e+00
6.3367242400e+02	2.2062329611e+00
6.3582147200e+02	2.0841556636e+00
6.3797052000e+02	2.4139947285e+00
6.4011962900e+02	3.3070802640e+00
6.4226867700e+02	2.9825976186e+00
6.4441772500e+02	3.0747921489e+00
6.4656683300e+02	3.4071472793e+00
6.4871588100e+02	3.9067173321e+00
6.5086492900e+02	4.2584673502e+00
6.5301403800e+02	4.8003923461e+00
6.5516308600e+02	4.8688708051e+00
6.5731213400e+02	5.8998147335e+00
6.5946124300e+02	6.8403099822e+00
6.6161029100e+02	5.8286032752e+00
6.6375933800e+02	5.9604622031e+00
6.6590844700e+02	4.9700454656e+00
6.6805749500e+02	5.3644255068e+00
6.7020654300e+02	5.2574777251e+00
6.7235565200e+02	5.4343645651e+00
6.7450470000e+02	6.5531957403e+00
6.7665374800e+02	8.8678768471e+00
6.7880285600e+02	1.1933941183e+01
6.8095190400e+02	1.5053091758e+01
6.8310095200e+02	1.9655272076e+01
6.8525006100e+02	2.1588156819e+01
6.8739910900e+02	2.3118776222e+01
6.8954815700e+02	2.3085625086e+01
6.9169726600e+02	2.5101787750e+01
6.9384631300e+02	2.7824013984e+01
6.9599536100e+02	3.1469092090e+01
6.9814447000e+02	3.0592598251e+01
7.0029351800e+02	2.7380123977e+01
7.0244256600e+02	2.3272196749e+01
7.0459167500e+02	1.8993757802e+01
7.0674072300e+02	1.6446574763e+01
7.0888977100e+02	1.4146037253e+01
7.1103881800e+02	1.2667322916e+01
7.1318792700e+02	1.3127101936e+01
7.1533697500e+02	1.3567195615e+01
7.1748608400e+02	1.1053680671e+01
7.1963513200e+02	1.1631054746e+01
7.2178418000e+02	1.0730731217e+01
7.2393322800e+02	1.0641062384e+01
7.2608233600e+02	1.0810771669e+01
7.2823138400e+02	7.5075176392e+00
7.3038049300e+02	8.6973838989e+00
7.3252954100e+02	8.6944707378e+00
7.3467858900e+02	7.8085187164e+00
7.3682763700e+02	7.3444698689e+00
7.3897674600e+02	6.4005037154e+00
7.4112579300e+02	5.6989919013e+00
7.4327490200e+02	6.4076468682e+00
7.4542395000e+02	7.2376292823e+00
7.4757299800e+02	7.1362817522e+00
7.4972204600e+02	6.4161910314e+00
7.5187115500e+02	6.7370785700e+00
7.5402020300e+02	7.1243226024e+00
7.5616931200e+02	6.7492847811e+00
7.5831835900e+02	8.3660506403e+00
7.6046740700e+02	7.7529695142e+00
7.6261645500e+02	7.0870464292e+00
7.6476556400e+02	6.5584276501e+00
7.6691461200e+02	6.5671369237e+00
7.6906372100e+02	5.2443900298e+00
7.7121276900e+02	6.3175801698e+00
7.7336181600e+02	6.4305251964e+00
7.7551086400e+02	5.6804417854e+00
7.7765997300e+02	5.7771955625e+00
7.7980902100e+02	4.8838642524e+00
7.8195813000e+02	4.3158052173e+00
7.8410717800e+02	4.2760308706e+00
7.8625622600e+02	4.6400330514e+00
7.8840527300e+02	3.1429117230e+00
7.9055438200e+02	4.4962890092e+00
7.9270343000e+02	3.6781356651e+00
7.9485253900e+02	3.3527144216e+00
7.9700158700e+02	2.4070220794e+00
7.9915063500e+02	3.2533529324e+00
8.0129968300e+02	4.0208743887e+00
8.0344879200e+02	3.1742580933e+00
8.0559783900e+02	2.6324265452e+00
8.0774694800e+02	2.6005772901e+00
8.0989599600e+02	2.8563031223e+00
8.1204504400e+02	2.5764251593e+00
8.1419409200e+02	2.9664883865e+00
8.1634320100e+02	1.8236167351e+00
8.1849224900e+02	1.7361859551e+00
8.2064135700e+02	1.8057886439e+00
8.2279040500e+02	1.4596309381e+00
8.2493945300e+02	1.9070028985e+00
8.2708850100e+02	2.1229861487e+00
8.2923761000e+02	2.2852293063e+00
8.3138665800e+02	2.4720008736e+00
8.3353576700e+02	2.1491634227e+00
8.3568481400e+02	2.4770542610e+00
8.3783386200e+02	1.9769621011e+00
8.3998291000e+02	2.4561350765e+00
8.4213201900e+02	2.3282601797e+00
8.4428106700e+02	2.0242639318e+00
8.4643017600e+02	2.2276222045e+00
8.4857922400e+02	2.0204521877e+00
