# Filename: guide/20241130streak_WT_target_DA_glycerol_PSI3.ascii
 
Time explicit
Intervalnr 1
0.0
6.5309088100e+02	0.0000000000e+00
6.5404138200e+02	0.0000000000e+00
6.5499182100e+02	0.0000000000e+00
6.5594220000e+02	0.0000000000e+00
6.5689257800e+02	0.0000000000e+00
6.5784301800e+02	0.0000000000e+00
6.5879339600e+02	0.0000000000e+00
6.5974377400e+02	0.0000000000e+00
6.6069427500e+02	0.0000000000e+00
6.6164471400e+02	0.0000000000e+00
6.6259509300e+02	0.0000000000e+00
6.6354547100e+02	0.0000000000e+00
6.6449591100e+02	0.0000000000e+00
6.6544628900e+02	0.0000000000e+00
6.6639672900e+02	0.0000000000e+00
6.6734722900e+02	0.0000000000e+00
6.6829748500e+02	0.0000000000e+00
6.6924798600e+02	0.0000000000e+00
6.7019842500e+02	0.0000000000e+00
6.7114880400e+02	0.0000000000e+00
6.7209918200e+02	0.0000000000e+00
6.7304962200e+02	0.0000000000e+00
6.7400000000e+02	0.0000000000e+00
6.7495037800e+02	0.0000000000e+00
6.7590087900e+02	0.0000000000e+00
6.7685131800e+02	0.0000000000e+00
6.7780169700e+02	0.0000000000e+00
6.7875207500e+02	0.0000000000e+00
6.7970251500e+02	0.0000000000e+00
6.8065289300e+02	0.0000000000e+00
6.8160327100e+02	0.0000000000e+00
6.8255377200e+02	0.0000000000e+00
6.8350421100e+02	0.0000000000e+00
6.8445459000e+02	0.0000000000e+00
6.8540502900e+02	0.0000000000e+00
6.8635540800e+02	0.0000000000e+00
6.8730578600e+02	0.0000000000e+00
6.8825622600e+02	0.0000000000e+00
6.8920672600e+02	0.0000000000e+00
6.9015698200e+02	0.0000000000e+00
6.9110748300e+02	0.0000000000e+00
6.9205792200e+02	0.0000000000e+00
6.9300830100e+02	0.0000000000e+00
6.9395867900e+02	0.0000000000e+00
6.9490911900e+02	0.0000000000e+00
6.9585961900e+02	0.0000000000e+00
6.9680987500e+02	0.0000000000e+00
6.9776037600e+02	0.0000000000e+00
6.9871081500e+02	0.0000000000e+00
6.9966119400e+02	0.0000000000e+00
7.0061157200e+02	0.0000000000e+00
7.0156201200e+02	0.0000000000e+00
7.0251251200e+02	0.0000000000e+00
7.0346283000e+02	0.0000000000e+00
7.0441333000e+02	0.0000000000e+00
7.0536358600e+02	0.0000000000e+00
7.0631408700e+02	0.0000000000e+00
7.0726452600e+02	0.0000000000e+00
7.0821490500e+02	4.1949569844e-03
7.0916528300e+02	2.0431009591e-03
7.1011572300e+02	7.9721721380e-03
7.1106622300e+02	4.4565152132e-03
7.1201647900e+02	0.0000000000e+00
7.1296698000e+02	7.0859874259e-03
7.1391741900e+02	0.0000000000e+00
7.1486779800e+02	9.0937810727e-03
7.1581817600e+02	3.2868242261e-03
7.1676861600e+02	1.1142239109e-02
7.1771911600e+02	1.0686803665e-02
7.1866937300e+02	0.0000000000e+00
7.1961987300e+02	1.4589702105e-02
7.2057031200e+02	0.0000000000e+00
7.2152069100e+02	1.5472530197e-02
7.2247113000e+02	1.4581065206e-02
7.2342150900e+02	0.0000000000e+00
7.2437188700e+02	1.5036554510e-02
7.2532232700e+02	3.8402667068e-03
7.2627282700e+02	1.5572499905e-02
7.2722308300e+02	0.0000000000e+00
7.2817358400e+02	1.5283681557e-02
7.2912402300e+02	0.0000000000e+00
7.3007440200e+02	1.5062760249e-02
7.3102478000e+02	1.2211954555e-04
7.3197522000e+02	8.7260587319e-03
7.3292572000e+02	1.4220096203e-02
7.3387597700e+02	5.9747483558e-04
7.3482647700e+02	1.3954400945e-02
7.3577691700e+02	4.2587264527e-03
7.3672729500e+02	1.2733830316e-02
7.3767767300e+02	0.0000000000e+00
7.3862811300e+02	1.1892910434e-02
7.3957861300e+02	2.2208434448e-03
7.4052887000e+02	1.0380181531e-02
7.4147937000e+02	1.0391029869e-02
7.4242981000e+02	7.2760755923e-03
7.4338018800e+02	9.6402559321e-03
7.4433062700e+02	9.8487491059e-03
7.4528100600e+02	9.3053953995e-03
7.4623138400e+02	9.2079173685e-03
7.4718182400e+02	7.6883872038e-03
7.4813232400e+02	8.3524650165e-03
7.4908270300e+02	8.3503785568e-03
7.5003308100e+02	7.9762335983e-03
7.5098352100e+02	8.2644193939e-03
7.5193389900e+02	7.1820583814e-03
7.5288427700e+02	7.3630002044e-03
7.5383471700e+02	6.6512922711e-03
7.5478521700e+02	7.3697760662e-03
7.5573547400e+02	6.8489168606e-03
7.5668597400e+02	7.2685450764e-03
7.5763641400e+02	6.9777133587e-03
7.5858679200e+02	4.2844999644e-03
7.5953717000e+02	6.6666530354e-03
7.6048761000e+02	5.0881543644e-03
7.6143798800e+02	5.8017533882e-03
7.6238842800e+02	5.2933886782e-03
7.6333892800e+02	5.4911282151e-03
7.6428930700e+02	5.5699979401e-03
7.6523968500e+02	5.1438091821e-03
7.6619012500e+02	5.0503966737e-03
7.6714050300e+02	4.7009427821e-03
7.6809088100e+02	4.8278455461e-03
7.6904132100e+02	4.5360503854e-03
7.6999182100e+02	5.2481011423e-03
7.7094220000e+02	4.1010505257e-03
7.7189257800e+02	4.5186622321e-03
7.7284301800e+02	4.5897512335e-03
7.7379339600e+02	4.3763527599e-03
7.7474377400e+02	4.3127839876e-03
7.7569421400e+02	3.5672358722e-03
7.7664471400e+02	4.1785002452e-03
7.7759509300e+02	3.5853062054e-03
7.7854547100e+02	4.1140678384e-03
7.7949591100e+02	3.9363623778e-03
