# Filename: guide/20241120megacomplex77K_PSI3.ascii
 
Time explicit
Intervalnr 1
2.37309027
6.3053588900e+02	0.0000000000e+00
6.3126513700e+02	0.0000000000e+00
6.3199444600e+02	0.0000000000e+00
6.3272375500e+02	0.0000000000e+00
6.3345300300e+02	0.0000000000e+00
6.3418225100e+02	0.0000000000e+00
6.3491162100e+02	0.0000000000e+00
6.3564086900e+02	0.0000000000e+00
6.3637011700e+02	0.0000000000e+00
6.3709942600e+02	0.0000000000e+00
6.3782873500e+02	0.0000000000e+00
6.3855798300e+02	0.0000000000e+00
6.3928723100e+02	0.0000000000e+00
6.4001654100e+02	0.0000000000e+00
6.4074585000e+02	0.0000000000e+00
6.4147509800e+02	0.0000000000e+00
6.4220440700e+02	0.0000000000e+00
6.4293371600e+02	0.0000000000e+00
6.4366296400e+02	0.0000000000e+00
6.4439221200e+02	0.0000000000e+00
6.4512152100e+02	0.0000000000e+00
6.4585083000e+02	0.0000000000e+00
6.4658007800e+02	0.0000000000e+00
6.4730932600e+02	0.0000000000e+00
6.4803869600e+02	0.0000000000e+00
6.4876794400e+02	0.0000000000e+00
6.4949719200e+02	0.0000000000e+00
6.5022650100e+02	0.0000000000e+00
6.5095581100e+02	0.0000000000e+00
6.5168505900e+02	0.0000000000e+00
6.5241430700e+02	0.0000000000e+00
6.5314361600e+02	0.0000000000e+00
6.5387292500e+02	0.0000000000e+00
6.5460217300e+02	0.0000000000e+00
6.5533142100e+02	0.0000000000e+00
6.5606079100e+02	0.0000000000e+00
6.5679003900e+02	0.0000000000e+00
6.5751928700e+02	0.0000000000e+00
6.5824859600e+02	0.0000000000e+00
6.5897790500e+02	0.0000000000e+00
6.5970715300e+02	0.0000000000e+00
6.6043640100e+02	0.0000000000e+00
6.6116571000e+02	0.0000000000e+00
6.6189502000e+02	0.0000000000e+00
6.6262426800e+02	0.0000000000e+00
6.6335357700e+02	0.0000000000e+00
6.6408288600e+02	0.0000000000e+00
6.6481213400e+02	0.0000000000e+00
6.6554138200e+02	0.0000000000e+00
6.6627069100e+02	0.0000000000e+00
6.6700000000e+02	0.0000000000e+00
6.6772924800e+02	0.0000000000e+00
6.6845849600e+02	0.0000000000e+00
6.6918786600e+02	0.0000000000e+00
6.6991711400e+02	0.0000000000e+00
6.7064636200e+02	0.0000000000e+00
6.7137567100e+02	0.0000000000e+00
6.7210498000e+02	0.0000000000e+00
6.7283422900e+02	0.0000000000e+00
6.7356347700e+02	0.0000000000e+00
6.7429278600e+02	0.0000000000e+00
6.7502209500e+02	0.0000000000e+00
6.7575134300e+02	0.0000000000e+00
6.7648065200e+02	0.0000000000e+00
6.7720996100e+02	0.0000000000e+00
6.7793920900e+02	0.0000000000e+00
6.7866845700e+02	0.0000000000e+00
6.7939776600e+02	0.0000000000e+00
6.8012707500e+02	0.0000000000e+00
6.8085632300e+02	0.0000000000e+00
6.8158557100e+02	0.0000000000e+00
6.8231494100e+02	0.0000000000e+00
6.8304418900e+02	0.0000000000e+00
6.8377343800e+02	0.0000000000e+00
6.8450274700e+02	0.0000000000e+00
6.8523205600e+02	0.0000000000e+00
6.8596130400e+02	0.0000000000e+00
6.8669055200e+02	0.0000000000e+00
6.8741986100e+02	0.0000000000e+00
6.8814917000e+02	0.0000000000e+00
6.8887841800e+02	0.0000000000e+00
6.8960766600e+02	0.0000000000e+00
6.9033703600e+02	1.9729962366e+00
6.9106628400e+02	2.8201175288e+00
6.9179553200e+02	0.0000000000e+00
6.9252484100e+02	4.6715407519e+00
6.9325415000e+02	5.8022082618e+00
6.9398339800e+02	1.1491687600e+00
6.9471264600e+02	3.7977465214e+00
6.9544195600e+02	0.0000000000e+00
6.9617126500e+02	0.0000000000e+00
6.9690051300e+02	0.0000000000e+00
6.9762982200e+02	7.1719107143e-01
6.9835913100e+02	1.0845855737e+00
6.9908837900e+02	0.0000000000e+00
6.9981762700e+02	0.0000000000e+00
7.0054693600e+02	4.4594120258e+00
7.0127624500e+02	6.0976703265e+00
7.0200549300e+02	0.0000000000e+00
7.0273474100e+02	0.0000000000e+00
7.0346411100e+02	0.0000000000e+00
7.0419335900e+02	0.0000000000e+00
7.0492260700e+02	3.0980648035e-01
7.0565191700e+02	4.7402606193e+00
7.0638122600e+02	1.0381302941e+01
7.0711047400e+02	1.5141271895e+00
7.0783972200e+02	1.0977245825e+01
7.0856903100e+02	1.1640346581e+01
7.0929834000e+02	7.9809369029e+00
7.1002758800e+02	1.3294515291e+01
7.1075683600e+02	1.3904590951e+01
7.1148620600e+02	1.4404082143e+01
7.1221545400e+02	1.5665109155e+01
7.1294470200e+02	1.6533207844e+01
7.1367401100e+02	1.6812579305e+01
7.1440332000e+02	1.7617825114e+01
7.1513256800e+02	1.8399490717e+01
7.1586181600e+02	1.9226350194e+01
7.1659118700e+02	2.0368536707e+01
7.1732043500e+02	1.9674886715e+01
7.1804968300e+02	2.0824974665e+01
7.1877899200e+02	2.1590149594e+01
7.1950830100e+02	2.1709701921e+01
7.2023754900e+02	2.1889157013e+01
7.2096679700e+02	2.2028724866e+01
7.2169610600e+02	2.1841720647e+01
7.2242541500e+02	2.1342109753e+01
7.2315466300e+02	2.1411763302e+01
7.2388391100e+02	2.1798499574e+01
7.2461328100e+02	2.1960581467e+01
7.2534252900e+02	2.1344882293e+01
7.2607177700e+02	2.1526486264e+01
7.2680108600e+02	2.0391312347e+01
7.2753039600e+02	1.9535475441e+01
7.2825964400e+02	1.9778443930e+01
7.2898889200e+02	1.9722011908e+01
7.2971820100e+02	1.8830740863e+01
7.3044751000e+02	1.8225415850e+01
7.3117675800e+02	1.8064038054e+01
7.3190606700e+02	1.7431346683e+01
7.3263537600e+02	1.6870293246e+01
7.3336462400e+02	1.6703583341e+01
7.3409387200e+02	1.6216925076e+01
7.3482318100e+02	1.5666368901e+01
7.3555249000e+02	1.5167623480e+01
7.3628173800e+02	1.4823179796e+01
7.3701098600e+02	1.4222226252e+01
7.3774035600e+02	1.3923192101e+01
7.3846960400e+02	1.3937021259e+01
7.3919885300e+02	1.3290523220e+01
7.3992816200e+02	1.2566366841e+01
7.4065747100e+02	1.2524032702e+01
7.4138671900e+02	1.1794984997e+01
7.4211596700e+02	1.1287007593e+01
7.4284527600e+02	1.1402502380e+01
7.4357458500e+02	1.0935929057e+01
7.4430383300e+02	1.0721166989e+01
7.4503308100e+02	1.0908859710e+01
7.4576245100e+02	1.0556106409e+01
7.4649169900e+02	9.8997361512e+00
7.4722094700e+02	9.8535556295e+00
7.4795025600e+02	1.0083846246e+01
7.4867956500e+02	9.6949654444e+00
7.4940881300e+02	9.2689470793e+00
7.5013806200e+02	9.6203769219e+00
7.5086737100e+02	8.9884828416e+00
7.5159668000e+02	9.1470086667e+00
7.5232592800e+02	9.1276572386e+00
