# Filename: guide/20240730DG_WT_PBS_77Kstreak_target_APC680f.ascii
 
Time explicit
Intervalnr 1
19.4186287
5.9025006100e+02	1.3793949225e+00
5.9239910900e+02	1.2757595139e+00
5.9454815700e+02	1.2813367993e+00
5.9669726600e+02	1.4242926628e+00
5.9884631300e+02	1.4900286429e+00
6.0099536100e+02	1.6730339297e+00
6.0314447000e+02	1.5082478178e+00
6.0529351800e+02	1.4485810354e+00
6.0744256600e+02	1.6404125653e+00
6.0959167500e+02	1.1279384220e+00
6.1174072300e+02	1.4724254598e+00
6.1388977100e+02	1.4381772113e+00
6.1603881800e+02	1.6157566126e+00
6.1818792700e+02	2.0698411390e+00
6.2033697500e+02	2.1772749387e+00
6.2248608400e+02	2.2190045354e+00
6.2463513200e+02	2.3913174766e+00
6.2678418000e+02	2.3889428325e+00
6.2893322800e+02	2.8972613669e+00
6.3108233600e+02	2.9664049876e+00
6.3323138400e+02	2.8693905788e+00
6.3538049300e+02	3.2674415976e+00
6.3752954100e+02	3.5494048925e+00
6.3967858900e+02	3.4593532414e+00
6.4182763700e+02	4.3452708948e+00
6.4397674600e+02	4.6892872328e+00
6.4612579300e+02	5.2223616907e+00
6.4827490200e+02	5.9986579752e+00
6.5042395000e+02	6.6591342651e+00
6.5257299800e+02	8.1766250466e+00
6.5472204600e+02	9.3784488511e+00
6.5687115500e+02	1.0643774174e+01
6.5902020300e+02	1.0965003790e+01
6.6116931200e+02	1.1982374733e+01
6.6331835900e+02	1.4577278575e+01
6.6546740700e+02	1.7809533208e+01
6.6761645500e+02	2.4060131383e+01
6.6976556400e+02	3.6410905531e+01
6.7191461200e+02	5.7355191286e+01
6.7406372100e+02	9.8638492555e+01
6.7621276900e+02	1.6284152401e+02
6.7836181600e+02	2.4839315153e+02
6.8051086400e+02	3.3086008099e+02
6.8265997300e+02	3.7959816158e+02
6.8480902100e+02	3.7600152907e+02
6.8695813000e+02	3.2609380907e+02
6.8910717800e+02	2.5808830504e+02
6.9125622600e+02	1.9415853350e+02
6.9340527300e+02	1.4702085721e+02
6.9555438200e+02	1.1215826158e+02
6.9770343000e+02	8.7436005290e+01
6.9985253900e+02	7.1104693381e+01
7.0200158700e+02	6.0804774581e+01
7.0415063500e+02	5.1759364245e+01
7.0629968300e+02	4.8005164208e+01
7.0844879200e+02	4.3603277131e+01
7.1059783900e+02	4.2158688499e+01
7.1274694800e+02	4.0054372402e+01
7.1489599600e+02	3.7213761793e+01
7.1704504400e+02	3.6992747084e+01
7.1919409200e+02	3.5004895591e+01
7.2134320100e+02	3.1634245281e+01
7.2349224900e+02	2.9373106094e+01
7.2564135700e+02	2.7168067877e+01
7.2779040500e+02	2.4732229396e+01
7.2993945300e+02	2.4898703872e+01
7.3208850100e+02	2.4113873232e+01
7.3423761000e+02	2.4476702381e+01
7.3638665800e+02	2.2946318501e+01
7.3853576700e+02	2.4842063098e+01
7.4068481400e+02	2.6392880684e+01
7.4283386200e+02	2.8029315949e+01
7.4498291000e+02	3.1780595790e+01
7.4713201900e+02	3.3628139799e+01
7.4928106700e+02	3.3922543873e+01
7.5143017600e+02	3.3619851786e+01
7.5357922400e+02	3.2114035374e+01
7.5572827100e+02	3.0709131692e+01
7.5787731900e+02	2.9048763442e+01
7.6002642800e+02	2.8284304658e+01
7.6217547600e+02	2.6671058722e+01
7.6432458500e+02	2.6551835226e+01
7.6647363300e+02	2.6243258856e+01
7.6862268100e+02	2.5425110789e+01
7.7077172900e+02	2.2536335989e+01
7.7292083700e+02	2.0566887641e+01
7.7506988500e+02	1.7892676628e+01
7.7721899400e+02	1.4769488142e+01
7.7936804200e+02	1.2626946605e+01
7.8151709000e+02	1.1052090794e+01
7.8366613800e+02	9.3252643243e+00
7.8581524700e+02	8.0250663876e+00
7.8796429400e+02	7.5254839299e+00
7.9011340300e+02	6.8131729279e+00
7.9226245100e+02	6.4767882701e+00
7.9441149900e+02	6.1518904476e+00
7.9656054700e+02	5.1516930218e+00
7.9870965600e+02	5.4626127264e+00
8.0085870400e+02	5.2556585178e+00
8.0300781200e+02	4.4385684902e+00
8.0515686000e+02	4.6365685908e+00
8.0730590800e+02	4.0970776097e+00
8.0945495600e+02	4.1585484124e+00
8.1160406500e+02	3.8738863681e+00
8.1375311300e+02	3.7022949199e+00
8.1590222200e+02	3.6744128743e+00
8.1805127000e+02	3.2502437926e+00
8.2020031700e+02	3.3761234359e+00
8.2234936500e+02	3.3833187473e+00
8.2449847400e+02	3.2074487558e+00
8.2664752200e+02	3.4301673764e+00
8.2879663100e+02	2.9563553205e+00
8.3094567900e+02	2.8608899200e+00
8.3309472700e+02	3.2168283800e+00
8.3524377400e+02	2.8838485588e+00
8.3739288300e+02	2.6199199649e+00
8.3954193100e+02	2.4579949547e+00
8.4169104000e+02	2.4879222423e+00
8.4384008800e+02	2.3603628590e+00
8.4598913600e+02	2.5521181478e+00
8.4813818400e+02	2.2476438400e+00
