# Filename: guide/20241120megacomplex77K_PSI1_fitted.ascii
 
Time explicit
Intervalnr 1
2.37309027
6.3053588900e+02	7.5495165675e-14
6.3126513700e+02	0.0000000000e+00
6.3199444600e+02	0.0000000000e+00
6.3272375500e+02	0.0000000000e+00
6.3345300300e+02	0.0000000000e+00
6.3418225100e+02	0.0000000000e+00
6.3491162100e+02	0.0000000000e+00
6.3564086900e+02	0.0000000000e+00
6.3637011700e+02	0.0000000000e+00
6.3709942600e+02	0.0000000000e+00
6.3782873500e+02	0.0000000000e+00
6.3855798300e+02	0.0000000000e+00
6.3928723100e+02	0.0000000000e+00
6.4001654100e+02	0.0000000000e+00
6.4074585000e+02	0.0000000000e+00
6.4147509800e+02	0.0000000000e+00
6.4220440700e+02	0.0000000000e+00
6.4293371600e+02	0.0000000000e+00
6.4366296400e+02	0.0000000000e+00
6.4439221200e+02	0.0000000000e+00
6.4512152100e+02	0.0000000000e+00
6.4585083000e+02	0.0000000000e+00
6.4658007800e+02	0.0000000000e+00
6.4730932600e+02	0.0000000000e+00
6.4803869600e+02	2.4787206530e-265
6.4876794400e+02	1.1050359332e-138
6.4949719200e+02	3.8364829433e-102
6.5022650100e+02	4.5247102091e-82
6.5095581100e+02	8.4915563522e-69
6.5168505900e+02	3.6862675152e-59
6.5241430700e+02	9.4509264074e-52
6.5314361600e+02	7.8581079784e-46
6.5387292500e+02	5.7359235520e-41
6.5460217300e+02	6.8994093494e-37
6.5533142100e+02	2.0866864707e-33
6.5606079100e+02	2.1326664013e-30
6.5679003900e+02	9.0942964007e-28
6.5751928700e+02	1.8986529471e-25
6.5824859600e+02	2.1910875671e-23
6.5897790500e+02	1.5349599044e-21
6.5970715300e+02	7.0306507063e-20
6.6043640100e+02	2.2362663439e-18
6.6116571000e+02	5.1875730982e-17
6.6189502000e+02	9.1334188444e-16
6.6262426800e+02	1.2617000606e-14
6.6335357700e+02	1.4070875591e-13
6.6408288600e+02	1.2970602599e-12
6.6481213400e+02	1.0083678939e-11
6.6554138200e+02	6.7291008356e-11
6.6627069100e+02	3.9136928136e-10
6.6700000000e+02	2.0097200275e-09
6.6772924800e+02	9.2158041809e-09
6.6845849600e+02	3.8125786076e-08
6.6918786600e+02	1.4359826829e-07
6.6991711400e+02	4.9608614225e-07
6.7064636200e+02	1.5833971264e-06
6.7137567100e+02	4.6990258061e-06
6.7210498000e+02	1.3037901633e-05
6.7283422900e+02	3.3989934312e-05
6.7356347700e+02	8.3647124163e-05
6.7429278600e+02	1.9513236762e-04
6.7502209500e+02	4.3308621200e-04
6.7575134300e+02	9.1756135025e-04
6.7648065200e+02	1.8617041337e-03
6.7720996100e+02	3.6274474487e-03
6.7793920900e+02	6.8046942978e-03
6.7866845700e+02	1.2319387667e-02
6.7939776600e+02	2.1572973660e-02
6.8012707500e+02	3.6611865539e-02
6.8085632300e+02	6.0327048580e-02
6.8158557100e+02	9.6681662249e-02
6.8231494100e+02	1.5095157523e-01
6.8304418900e+02	2.2991431211e-01
6.8377343800e+02	3.4210144399e-01
6.8450274700e+02	4.9792925301e-01
6.8523205600e+02	7.0974475433e-01
6.8596130400e+02	9.9180097491e-01
6.8669055200e+02	1.3601715779e+00
6.8741986100e+02	1.8324694515e+00
6.8814917000e+02	2.4273457009e+00
6.8887841800e+02	3.1639823034e+00
6.8960766600e+02	4.0615952239e+00
6.9033703600e+02	5.1387453700e+00
6.9106628400e+02	6.4118440947e+00
6.9179553200e+02	7.8954245866e+00
6.9252484100e+02	9.6008259831e+00
6.9325415000e+02	1.1535225634e+01
6.9398339800e+02	1.3701218027e+01
6.9471264600e+02	1.6096763772e+01
6.9544195600e+02	1.8714622223e+01
6.9617126500e+02	2.1541717112e+01
6.9690051300e+02	2.4559578844e+01
6.9762982200e+02	2.7745424169e+01
6.9835913100e+02	3.1071077938e+01
6.9908837900e+02	3.4504272080e+01
6.9981762700e+02	3.8009989698e+01
7.0054693600e+02	4.1550743461e+01
7.0127624500e+02	4.5086847038e+01
7.0200549300e+02	4.8577937512e+01
7.0273474100e+02	5.1984490373e+01
7.0346411100e+02	5.5268350339e+01
7.0419335900e+02	5.8391673616e+01
7.0492260700e+02	6.1320969363e+01
7.0565191700e+02	6.4025725624e+01
7.0638122600e+02	6.6478776936e+01
7.0711047400e+02	6.8657276273e+01
7.0783972200e+02	7.0543248438e+01
7.0856903100e+02	7.2123241166e+01
7.0929834000e+02	7.3388148738e+01
7.1002758800e+02	7.4333518772e+01
7.1075683600e+02	7.4959445404e+01
7.1148620600e+02	7.5270021208e+01
7.1221545400e+02	7.5272965881e+01
7.1294470200e+02	7.4979548351e+01
7.1367401100e+02	7.4403843826e+01
7.1440332000e+02	7.3562501527e+01
7.1513256800e+02	7.2474302957e+01
7.1586181600e+02	7.1159456207e+01
7.1659118700e+02	6.9639109751e+01
7.1732043500e+02	6.7935937646e+01
7.1804968300e+02	6.6072208277e+01
7.1877899200e+02	6.4070253809e+01
7.1950830100e+02	6.1952415200e+01
7.2023754900e+02	5.9740477534e+01
7.2096679700e+02	5.7455029860e+01
7.2169610600e+02	5.5115612213e+01
7.2242541500e+02	5.2740975379e+01
7.2315466300e+02	5.0348583949e+01
7.2388391100e+02	4.7954119054e+01
7.2461328100e+02	4.5571629485e+01
7.2534252900e+02	4.3214903222e+01
7.2607177700e+02	4.0895074898e+01
7.2680108600e+02	3.8622060157e+01
7.2753039600e+02	3.6404768068e+01
7.2825964400e+02	3.4250765260e+01
7.2898889200e+02	3.2165977877e+01
7.2971820100e+02	3.0155171510e+01
7.3044751000e+02	2.8222352484e+01
7.3117675800e+02	2.6370486561e+01
7.3190606700e+02	2.4601153769e+01
7.3263537600e+02	2.2915568704e+01
7.3336462400e+02	2.1314173845e+01
7.3409387200e+02	1.9796479689e+01
7.3482318100e+02	1.8361451358e+01
7.3555249000e+02	1.7007806880e+01
7.3628173800e+02	1.5733817999e+01
7.3701098600e+02	1.4537187630e+01
7.3774035600e+02	1.3415268598e+01
7.3846960400e+02	1.2365743784e+01
7.3919885300e+02	1.1385552745e+01
7.3992816200e+02	1.0471633705e+01
7.4065747100e+02	9.6209957408e+00
7.4138671900e+02	8.8305827296e+00
7.4211596700e+02	8.0971891779e+00
7.4284527600e+02	7.4176441835e+00
7.4357458500e+02	6.7889339969e+00
7.4430383300e+02	6.2080876567e+00
7.4503308100e+02	5.6721101281e+00
7.4576245100e+02	5.1780718170e+00
7.4649169900e+02	4.7233880460e+00
7.4722094700e+02	4.3053320764e+00
7.4795025600e+02	3.9213472812e+00
7.4867956500e+02	3.5690623925e+00
7.4940881300e+02	3.2462165148e+00
7.5013806200e+02	2.9506140688e+00
7.5086737100e+02	2.6801910398e+00
7.5159668000e+02	2.4330488484e+00
7.5232592800e+02	2.2073988479e+00
