# Filename: guide/20240730DG_PBS_77Kstreak_target_APC660b.ascii
 
Time explicit
Intervalnr 1
19.4186287
5.9239910900e+02	3.6291203550e+00
5.9669726600e+02	3.6765628530e+00
6.0099536100e+02	0.0000000000e+00
6.0529351800e+02	0.0000000000e+00
6.0959167500e+02	0.0000000000e+00
6.1388977100e+02	0.0000000000e+00
6.1818792700e+02	0.0000000000e+00
6.2248608400e+02	1.5716440523e+01
6.2678418000e+02	1.9517321132e+01
6.3108233600e+02	0.0000000000e+00
6.3538049300e+02	1.7143393072e+01
6.3967858900e+02	5.5901127540e+01
6.4397674600e+02	1.0292351354e+02
6.4827490200e+02	1.6624775303e+02
6.5257299800e+02	3.2711060220e+02
6.5687115500e+02	4.7531122487e+02
6.6116931200e+02	6.1212857528e+02
6.6546740700e+02	5.6216819433e+02
6.6976556400e+02	3.9068907093e+02
6.7406372100e+02	0.0000000000e+00
6.7836181600e+02	0.0000000000e+00
6.8265997300e+02	2.2223094713e+01
6.8695813000e+02	4.3092665326e+01
6.9125622600e+02	1.0745043490e+02
6.9555438200e+02	6.5659086395e+01
6.9985253900e+02	1.1008256739e+02
7.0415063500e+02	1.0815635755e+02
7.0844879200e+02	1.0454735458e+02
7.1274694800e+02	1.2306145846e+02
7.1704504400e+02	8.1784395371e+01
7.2134320100e+02	1.1151434576e+02
7.2564135700e+02	9.2548851487e+01
7.2993945300e+02	3.0972531716e+01
7.3423761000e+02	6.2732341219e+01
7.3853576700e+02	0.0000000000e+00
7.4283386200e+02	0.0000000000e+00
7.4713201900e+02	0.0000000000e+00
7.5143017600e+02	0.0000000000e+00
7.5572827100e+02	0.0000000000e+00
7.6002642800e+02	0.0000000000e+00
7.6432458500e+02	0.0000000000e+00
7.6862268100e+02	0.0000000000e+00
7.7292083700e+02	0.0000000000e+00
7.7721899400e+02	0.0000000000e+00
7.8151709000e+02	0.0000000000e+00
7.8581524700e+02	0.0000000000e+00
7.9011340300e+02	1.1845716676e+00
7.9441149900e+02	5.9198475903e-02
7.9870965600e+02	0.0000000000e+00
8.0300781200e+02	0.0000000000e+00
8.0730590800e+02	3.7809540663e+00
8.1160406500e+02	2.5596745057e+00
8.1590222200e+02	2.5623530715e+00
8.2020031700e+02	0.0000000000e+00
8.2449847400e+02	0.0000000000e+00
8.2879663100e+02	5.8806835869e+00
8.3309472700e+02	9.2364067644e-01
8.3739288300e+02	0.0000000000e+00
8.4169104000e+02	0.0000000000e+00
8.4598913600e+02	0.0000000000e+00
