# Filename: guide/20241130streak_WT_target_DA_glycerol_PC650b.ascii
 
Time explicit
Intervalnr 1
0.0
6.5309088100e+02	3.8206052203e-02
6.5404138200e+02	3.6242162957e-02
6.5499182100e+02	3.4976657180e-02
6.5594220000e+02	3.2521370573e-02
6.5689257800e+02	3.4282444232e-02
6.5784301800e+02	3.0631574251e-02
6.5879339600e+02	2.9009139954e-02
6.5974377400e+02	2.4434958686e-02
6.6069427500e+02	2.1547813164e-02
6.6164471400e+02	1.9884709501e-02
6.6259509300e+02	1.5660568982e-02
6.6354547100e+02	1.4613974808e-02
6.6449591100e+02	1.3390636147e-02
6.6544628900e+02	1.4982441672e-02
6.6639672900e+02	1.1305490621e-02
6.6734722900e+02	7.1260748335e-03
6.6829748500e+02	1.4940576537e-02
6.6924798600e+02	7.0693191351e-03
6.7019842500e+02	6.7599943579e-03
6.7114880400e+02	8.8375549196e-03
6.7209918200e+02	9.4584245029e-03
6.7304962200e+02	9.8537093538e-03
6.7400000000e+02	6.5356128469e-03
6.7495037800e+02	0.0000000000e+00
6.7590087900e+02	2.6047662711e-03
6.7685131800e+02	1.4060001004e-02
6.7780169700e+02	6.8698847157e-03
6.7875207500e+02	1.0125232754e-03
6.7970251500e+02	0.0000000000e+00
6.8065289300e+02	1.0109053276e-04
6.8160327100e+02	1.3878251093e-02
6.8255377200e+02	1.6692752557e-03
6.8350421100e+02	9.3747884907e-03
6.8445459000e+02	4.7024501214e-04
6.8540502900e+02	8.6068963332e-03
6.8635540800e+02	5.3709066478e-03
6.8730578600e+02	2.6789376610e-04
6.8825622600e+02	0.0000000000e+00
6.8920672600e+02	4.3072605293e-04
6.9015698200e+02	9.3843079209e-03
6.9110748300e+02	7.4692310933e-03
6.9205792200e+02	9.7959536210e-03
6.9300830100e+02	7.3851730079e-05
6.9395867900e+02	9.1562326589e-03
6.9490911900e+02	7.3150777513e-03
6.9585961900e+02	4.9075816021e-03
6.9680987500e+02	5.8752788766e-03
6.9776037600e+02	0.0000000000e+00
6.9871081500e+02	0.0000000000e+00
6.9966119400e+02	1.7000336589e-03
7.0061157200e+02	0.0000000000e+00
7.0156201200e+02	2.2917939835e-03
7.0251251200e+02	0.0000000000e+00
7.0346283000e+02	0.0000000000e+00
7.0441333000e+02	3.4148057327e-03
7.0536358600e+02	0.0000000000e+00
7.0631408700e+02	1.2158512176e-03
7.0726452600e+02	0.0000000000e+00
7.0821490500e+02	0.0000000000e+00
7.0916528300e+02	0.0000000000e+00
7.1011572300e+02	0.0000000000e+00
7.1106622300e+02	5.1571575811e-04
7.1201647900e+02	0.0000000000e+00
7.1296698000e+02	0.0000000000e+00
7.1391741900e+02	0.0000000000e+00
7.1486779800e+02	3.8989823113e-04
7.1581817600e+02	0.0000000000e+00
7.1676861600e+02	0.0000000000e+00
7.1771911600e+02	7.7990303056e-03
7.1866937300e+02	0.0000000000e+00
7.1961987300e+02	0.0000000000e+00
7.2057031200e+02	0.0000000000e+00
7.2152069100e+02	3.9583409821e-06
7.2247113000e+02	0.0000000000e+00
7.2342150900e+02	0.0000000000e+00
7.2437188700e+02	0.0000000000e+00
7.2532232700e+02	8.8748604320e-04
7.2627282700e+02	0.0000000000e+00
7.2722308300e+02	0.0000000000e+00
7.2817358400e+02	0.0000000000e+00
7.2912402300e+02	0.0000000000e+00
7.3007440200e+02	9.8041236021e-04
7.3102478000e+02	0.0000000000e+00
7.3197522000e+02	0.0000000000e+00
7.3292572000e+02	0.0000000000e+00
7.3387597700e+02	0.0000000000e+00
7.3482647700e+02	0.0000000000e+00
7.3577691700e+02	0.0000000000e+00
7.3672729500e+02	0.0000000000e+00
7.3767767300e+02	0.0000000000e+00
7.3862811300e+02	0.0000000000e+00
7.3957861300e+02	0.0000000000e+00
7.4052887000e+02	0.0000000000e+00
7.4147937000e+02	0.0000000000e+00
7.4242981000e+02	0.0000000000e+00
7.4338018800e+02	0.0000000000e+00
7.4433062700e+02	0.0000000000e+00
7.4528100600e+02	0.0000000000e+00
7.4623138400e+02	0.0000000000e+00
7.4718182400e+02	0.0000000000e+00
7.4813232400e+02	0.0000000000e+00
7.4908270300e+02	0.0000000000e+00
7.5003308100e+02	0.0000000000e+00
7.5098352100e+02	0.0000000000e+00
7.5193389900e+02	0.0000000000e+00
7.5288427700e+02	0.0000000000e+00
7.5383471700e+02	0.0000000000e+00
7.5478521700e+02	0.0000000000e+00
7.5573547400e+02	0.0000000000e+00
7.5668597400e+02	0.0000000000e+00
7.5763641400e+02	0.0000000000e+00
7.5858679200e+02	0.0000000000e+00
7.5953717000e+02	0.0000000000e+00
7.6048761000e+02	0.0000000000e+00
7.6143798800e+02	0.0000000000e+00
7.6238842800e+02	0.0000000000e+00
7.6333892800e+02	0.0000000000e+00
7.6428930700e+02	0.0000000000e+00
7.6523968500e+02	0.0000000000e+00
7.6619012500e+02	0.0000000000e+00
7.6714050300e+02	0.0000000000e+00
7.6809088100e+02	0.0000000000e+00
7.6904132100e+02	0.0000000000e+00
7.6999182100e+02	0.0000000000e+00
7.7094220000e+02	0.0000000000e+00
7.7189257800e+02	0.0000000000e+00
7.7284301800e+02	0.0000000000e+00
7.7379339600e+02	0.0000000000e+00
7.7474377400e+02	0.0000000000e+00
7.7569421400e+02	0.0000000000e+00
7.7664471400e+02	0.0000000000e+00
7.7759509300e+02	0.0000000000e+00
7.7854547100e+02	0.0000000000e+00
7.7949591100e+02	0.0000000000e+00
