# Filename: guide/20241111PSI__streak_targetWT_PSII1.ascii
 
Time explicit
Intervalnr 1
11.0931988
6.2937426800e+02	0.0000000000e+00
6.3152331500e+02	0.0000000000e+00
6.3367242400e+02	0.0000000000e+00
6.3582147200e+02	0.0000000000e+00
6.3797052000e+02	0.0000000000e+00
6.4011962900e+02	0.0000000000e+00
6.4226867700e+02	0.0000000000e+00
6.4441772500e+02	0.0000000000e+00
6.4656683300e+02	0.0000000000e+00
6.4871588100e+02	0.0000000000e+00
6.5086492900e+02	0.0000000000e+00
6.5301403800e+02	0.0000000000e+00
6.5516308600e+02	0.0000000000e+00
6.5731213400e+02	0.0000000000e+00
6.5946124300e+02	0.0000000000e+00
6.6161029100e+02	0.0000000000e+00
6.6375933800e+02	0.0000000000e+00
6.6590844700e+02	0.0000000000e+00
6.6805749500e+02	0.0000000000e+00
6.7020654300e+02	3.2726144897e+00
6.7235565200e+02	0.0000000000e+00
6.7450470000e+02	0.0000000000e+00
6.7665374800e+02	2.3593344180e-01
6.7880285600e+02	3.8229267673e+01
6.8095190400e+02	0.0000000000e+00
6.8310095200e+02	6.0132864647e+01
6.8525006100e+02	9.2343645485e+01
6.8739910900e+02	1.1996145404e+02
6.8954815700e+02	7.5994635351e+01
6.9169726600e+02	1.1558169524e+02
6.9384631300e+02	3.6646882980e+01
6.9599536100e+02	5.5590073732e+01
6.9814447000e+02	3.7213417266e+01
7.0029351800e+02	5.4989390023e+01
7.0244256600e+02	5.5396657571e+01
7.0459167500e+02	5.9246754870e+01
7.0674072300e+02	7.7294225713e+01
7.0888977100e+02	5.8692750957e+01
7.1103881800e+02	6.2733630198e+01
7.1318792700e+02	8.3997868769e+01
7.1533697500e+02	8.1176542354e+01
7.1748608400e+02	8.7670830557e+01
7.1963513200e+02	5.8026446304e+01
7.2178418000e+02	9.8715921361e+01
7.2393322800e+02	1.0073315662e+02
7.2608233600e+02	8.9459466097e+01
7.2823138400e+02	9.1784874256e+01
7.3038049300e+02	1.0347720090e+02
7.3252954100e+02	9.4669237375e+01
7.3467858900e+02	7.7147504512e+01
7.3682763700e+02	9.7627572070e+01
7.3897674600e+02	8.2202264161e+01
7.4112579300e+02	8.7157241207e+01
7.4327490200e+02	8.8205241395e+01
7.4542395000e+02	1.0284915263e+02
7.4757299800e+02	1.0819519938e+02
7.4972204600e+02	8.1739188253e+01
7.5187115500e+02	8.6735262902e+01
7.5402020300e+02	7.7704287572e+01
7.5616931200e+02	6.4823704949e+01
7.5831835900e+02	6.8376953511e+01
7.6046740700e+02	5.3328271201e+01
7.6261645500e+02	5.1251461595e+01
7.6476556400e+02	4.2421625593e+01
7.6691461200e+02	3.6577896710e+01
7.6906372100e+02	3.5550007678e+01
7.7121276900e+02	3.7674939390e+01
7.7336181600e+02	3.6275813584e+01
7.7551086400e+02	3.5297655853e+01
7.7765997300e+02	3.3547687667e+01
7.7980902100e+02	3.2264188250e+01
7.8195813000e+02	3.4881212009e+01
7.8410717800e+02	3.0587786736e+01
7.8625622600e+02	2.5490367692e+01
7.8840527300e+02	2.2374088545e+01
7.9055438200e+02	2.2339336787e+01
7.9270343000e+02	2.3938821839e+01
7.9485253900e+02	1.9728646231e+01
7.9700158700e+02	2.2681749188e+01
7.9915063500e+02	1.6020761387e+01
8.0129968300e+02	2.1362544352e+01
8.0344879200e+02	1.7679703054e+01
8.0559783900e+02	1.0645130614e+01
8.0774694800e+02	1.6727950406e+01
8.0989599600e+02	1.3981172968e+01
8.1204504400e+02	1.7077134101e+01
8.1419409200e+02	1.1666787305e+01
8.1634320100e+02	8.0957521370e+00
8.1849224900e+02	9.3856412936e+00
8.2064135700e+02	7.5649130758e+00
8.2279040500e+02	7.4131928608e+00
8.2493945300e+02	7.6017234339e+00
8.2708850100e+02	3.4436037815e+00
8.2923761000e+02	6.6520741408e+00
8.3138665800e+02	6.4910191433e+00
8.3353576700e+02	9.3560874177e+00
8.3568481400e+02	7.2053852241e+00
8.3783386200e+02	7.9458582482e+00
8.3998291000e+02	6.9535863184e+00
8.4213201900e+02	3.8130691913e+00
8.4428106700e+02	7.1007565231e+00
8.4643017600e+02	5.6293485528e+00
8.4857922400e+02	6.2862803568e+00
