# Filename: guide/20241113streak_DG_target_DA_FRL_PSII3.ascii
 
Time explicit
Intervalnr 1
11.0931988
6.2922522000e+02	1.8189642232e-01
6.3137426800e+02	1.6670801581e-01
6.3352331500e+02	1.8079056324e-01
6.3567242400e+02	1.7369804963e-01
6.3782147200e+02	2.0018414285e-01
6.3997052000e+02	2.6559249748e-01
6.4211962900e+02	2.4413787122e-01
6.4426867700e+02	2.5384745903e-01
6.4641772500e+02	2.8248420806e-01
6.4856683300e+02	3.1758525572e-01
6.5071588100e+02	3.5732086239e-01
6.5286492900e+02	4.1300715174e-01
6.5501403800e+02	4.2935221000e-01
6.5716308600e+02	5.0777893802e-01
6.5931213400e+02	5.7229517821e-01
6.6146124300e+02	5.0755831091e-01
6.6361029100e+02	5.0858461940e-01
6.6575933800e+02	4.0125971579e-01
6.6790844700e+02	4.4119429276e-01
6.7005749500e+02	4.2551001342e-01
6.7220654300e+02	4.3585879255e-01
6.7435565200e+02	5.2917806939e-01
6.7650470000e+02	7.2112409548e-01
6.7865374800e+02	9.6163876617e-01
6.8080285600e+02	1.2305799824e+00
6.8295190400e+02	1.5785136029e+00
6.8510095200e+02	1.7272329280e+00
6.8725006100e+02	1.8365792579e+00
6.8939910900e+02	1.8340338969e+00
6.9154815700e+02	1.9965807093e+00
6.9369726600e+02	2.2313984346e+00
6.9584631300e+02	2.5276171210e+00
6.9799536100e+02	2.4727401749e+00
7.0014447000e+02	2.2061352785e+00
7.0229351800e+02	1.8778693939e+00
7.0444256600e+02	1.5294418298e+00
7.0659167500e+02	1.3237256698e+00
7.0874072300e+02	1.1503349151e+00
7.1088977100e+02	1.0364730799e+00
7.1303881800e+02	1.0791080236e+00
7.1518792700e+02	1.1225469712e+00
7.1733697500e+02	9.3835338687e-01
7.1948608400e+02	9.9302637579e-01
7.2163513200e+02	9.1751806128e-01
7.2378418000e+02	9.1862321687e-01
7.2593322800e+02	9.1995257460e-01
7.2808233600e+02	6.7596980877e-01
7.3023138400e+02	7.5409408619e-01
7.3238049300e+02	7.4216122975e-01
7.3452954100e+02	6.7657270361e-01
7.3667858900e+02	6.3823512794e-01
7.3882763700e+02	5.5249250483e-01
7.4097674600e+02	4.8869055395e-01
7.4312579300e+02	5.3557086973e-01
7.4527490200e+02	5.9974488942e-01
7.4742395000e+02	5.9218969813e-01
7.4957299800e+02	5.3367044165e-01
7.5172204600e+02	5.5245526447e-01
7.5387115500e+02	5.7878948014e-01
7.5602020300e+02	5.4967099040e-01
7.5816931200e+02	6.7541506219e-01
7.6031835900e+02	6.2317150899e-01
7.6246740700e+02	5.7182709063e-01
7.6461645500e+02	5.3584907538e-01
7.6676556400e+02	5.3062786618e-01
7.6891461200e+02	4.2949629152e-01
7.7106372100e+02	5.0955830801e-01
7.7321276900e+02	5.1279158616e-01
7.7536181600e+02	4.6278648928e-01
7.7751086400e+02	4.6466712449e-01
7.7965997300e+02	3.9822902538e-01
7.8180902100e+02	3.5106478132e-01
7.8395813000e+02	3.4981902164e-01
7.8610717800e+02	3.8008983289e-01
7.8825622600e+02	2.6134921380e-01
7.9040527300e+02	3.6577256033e-01
7.9255438200e+02	2.9942707908e-01
7.9470343000e+02	2.7424809045e-01
7.9685253900e+02	1.9848342824e-01
7.9900158700e+02	2.6632659522e-01
8.0115063500e+02	3.2261522158e-01
8.0329968300e+02	2.5826663124e-01
8.0544879200e+02	2.1586737806e-01
8.0759783900e+02	2.1310526834e-01
8.0974694800e+02	2.3547959151e-01
8.1189599600e+02	2.1881245247e-01
8.1404504400e+02	2.6906796598e-01
8.1619409200e+02	1.7907317529e-01
8.1834320100e+02	1.8300934228e-01
8.2049224900e+02	2.0134680484e-01
8.2264135700e+02	1.8100329394e-01
8.2479040500e+02	1.6889047096e-01
8.2693945300e+02	2.0756338189e-01
8.2908850100e+02	1.8866171593e-01
8.3123761000e+02	2.0270974376e-01
8.3338665800e+02	1.7524932384e-01
8.3553576700e+02	2.0874969976e-01
8.3768481400e+02	1.7134652798e-01
8.3983386200e+02	2.0399773434e-01
8.4198291000e+02	1.8541389957e-01
8.4413201900e+02	1.6254507724e-01
8.4628106700e+02	1.7754140095e-01
8.4843017600e+02	1.6375776112e-01
