# Filename: guide/20240729PSend_77Kstreak_DG_target_PSI2.ascii
 
Time explicit
Intervalnr 1
11.0931988
6.2937426800e+02	0.0000000000e+00
6.3152331500e+02	0.0000000000e+00
6.3367242400e+02	0.0000000000e+00
6.3582147200e+02	0.0000000000e+00
6.3797052000e+02	0.0000000000e+00
6.4011962900e+02	0.0000000000e+00
6.4226867700e+02	0.0000000000e+00
6.4441772500e+02	0.0000000000e+00
6.4656683300e+02	0.0000000000e+00
6.4871588100e+02	0.0000000000e+00
6.5086492900e+02	0.0000000000e+00
6.5301403800e+02	0.0000000000e+00
6.5516308600e+02	0.0000000000e+00
6.5731213400e+02	0.0000000000e+00
6.5946124300e+02	0.0000000000e+00
6.6161029100e+02	0.0000000000e+00
6.6375933800e+02	0.0000000000e+00
6.6590844700e+02	0.0000000000e+00
6.6805749500e+02	0.0000000000e+00
6.7020654300e+02	0.0000000000e+00
6.7235565200e+02	0.0000000000e+00
6.7450470000e+02	0.0000000000e+00
6.7665374800e+02	0.0000000000e+00
6.7880285600e+02	0.0000000000e+00
6.8095190400e+02	0.0000000000e+00
6.8310095200e+02	0.0000000000e+00
6.8525006100e+02	0.0000000000e+00
6.8739910900e+02	0.0000000000e+00
6.8954815700e+02	0.0000000000e+00
6.9169726600e+02	0.0000000000e+00
6.9384631300e+02	0.0000000000e+00
6.9599536100e+02	0.0000000000e+00
6.9814447000e+02	0.0000000000e+00
7.0029351800e+02	2.1953833450e+01
7.0244256600e+02	2.8726910612e+01
7.0459167500e+02	2.2977890092e+01
7.0674072300e+02	4.8957511769e+01
7.0888977100e+02	7.7260683289e+01
7.1103881800e+02	1.2182939908e+02
7.1318792700e+02	1.8470668201e+02
7.1533697500e+02	2.4344029607e+02
7.1748608400e+02	3.3467961499e+02
7.1963513200e+02	4.2908191428e+02
7.2178418000e+02	5.1331916052e+02
7.2393322800e+02	5.5944884755e+02
7.2608233600e+02	6.1143546171e+02
7.2823138400e+02	5.8919113716e+02
7.3038049300e+02	5.8585621206e+02
7.3252954100e+02	5.6122414557e+02
7.3467858900e+02	4.9932049159e+02
7.3682763700e+02	4.4330960212e+02
7.3897674600e+02	4.1524043768e+02
7.4112579300e+02	3.6765442205e+02
7.4327490200e+02	3.2489750096e+02
7.4542395000e+02	2.7195696698e+02
7.4757299800e+02	2.4130842770e+02
7.4972204600e+02	2.1367511741e+02
7.5187115500e+02	1.8953606677e+02
7.5402020300e+02	1.7245920521e+02
7.5616931200e+02	1.4483403734e+02
7.5831835900e+02	1.3015299302e+02
7.6046740700e+02	1.2063241748e+02
7.6261645500e+02	1.1306431028e+02
7.6476556400e+02	9.5837591841e+01
7.6691461200e+02	8.8187695048e+01
7.6906372100e+02	8.2059379838e+01
7.7121276900e+02	7.5151756771e+01
7.7336181600e+02	7.2192363463e+01
7.7551086400e+02	6.0225458431e+01
7.7765997300e+02	6.3790667206e+01
7.7980902100e+02	5.9645370972e+01
7.8195813000e+02	6.5230146744e+01
7.8410717800e+02	6.5824916090e+01
7.8625622600e+02	5.6559249488e+01
7.8840527300e+02	5.8970077515e+01
7.9055438200e+02	5.7282949618e+01
7.9270343000e+02	6.5582234732e+01
7.9485253900e+02	6.1172215435e+01
7.9700158700e+02	5.8965313953e+01
7.9915063500e+02	5.4454257265e+01
8.0129968300e+02	5.0465604943e+01
8.0344879200e+02	4.9473972007e+01
8.0559783900e+02	4.9646127186e+01
8.0774694800e+02	4.4367829046e+01
8.0989599600e+02	4.3358972541e+01
8.1204504400e+02	4.3801295366e+01
8.1419409200e+02	3.9400200353e+01
8.1634320100e+02	3.5296230894e+01
8.1849224900e+02	3.7023718639e+01
8.2064135700e+02	3.5021273275e+01
8.2279040500e+02	3.3417943840e+01
8.2493945300e+02	2.9173140785e+01
8.2708850100e+02	2.4724954547e+01
8.2923761000e+02	2.3006534802e+01
8.3138665800e+02	1.7571806814e+01
8.3353576700e+02	1.8807062576e+01
8.3568481400e+02	1.6309802105e+01
8.3783386200e+02	1.5468796806e+01
8.3998291000e+02	1.3530303821e+01
8.4213201900e+02	1.1733294658e+01
8.4428106700e+02	8.7261174117e+00
8.4643017600e+02	8.7588990537e+00
8.4857922400e+02	5.9888782727e+00
