#	Filename:	guide/20241111PSI__streak_targetWT_APC680.ascii
		
Time	explicit	
Intervalnr	1	
11.0931988		
6.29E+02	0.00E+00	
6.32E+02	0.00E+00	
6.34E+02	0.00E+00	
6.36E+02	0.00E+00	
6.38E+02	0.00E+00	
6.40E+02	0.00E+00	
6.42E+02	0.00E+00	
6.44E+02	0.00E+00	
6.47E+02	0.00E+00	
6.49E+02	0.00E+00	
6.51E+02	0.00E+00	
6.53E+02	0.00E+00	
6.55E+02	0.00E+00	
6.57E+02	0.00E+00	
6.59E+02	0.00E+00	
6.62E+02	4.44E+00	
6.64E+02	1.40E+01	
6.66E+02	1.90E+01	
6.68E+02	3.05E+01	
6.70E+02	4.45E+01	
6.72E+02	4.92E+01	
6.75E+02	5.62E+01	
6.77E+02	6.96E+01	
6.79E+02	8.10E+01	
6.81E+02	9.84E+01	
6.83E+02	1.24E+02	
6.85E+02	1.36E+02	
6.87E+02	1.56E+02	
6.90E+02	1.55E+02	
6.92E+02	1.49E+02	
6.94E+02	1.34E+02	
6.96E+02	1.22E+02	
6.98E+02	1.05E+02	
7.00E+02	9.46E+01	
7.02E+02	7.64E+01	
7.05E+02	7.07E+01	
7.07E+02	5.86E+01	
7.09E+02	5.42E+01	
7.11E+02	4.89E+01	
7.13E+02	4.20E+01	
7.15E+02	3.58E+01	
7.17E+02	2.91E+01	
7.20E+02	2.46E+01	
7.22E+02	2.26E+01	
7.24E+02	1.53E+01	
7.26E+02	9.15E+00	
7.28E+02	4.64E+00	
7.30E+02	7.82E+00	
7.33E+02	3.92E+00	
7.35E+02	5.53E+00	
7.37E+02	7.03E+00	
7.39E+02	9.48E+00	
7.41E+02	1.24E+01	
7.43E+02	1.28E+01	
7.45E+02	1.63E+01	
7.48E+02	1.69E+01	
7.50E+02	1.95E+01	
7.52E+02	2.22E+01	
7.54E+02	2.22E+01	
7.56E+02	2.18E+01	
7.58E+02	2.28E+01	
7.60E+02	2.15E+01	
7.63E+02	1.93E+01	
7.65E+02	1.97E+01	
7.67E+02	1.81E+01	
7.69E+02	1.64E+01	
7.71E+02	1.69E+01	
7.73E+02	1.49E+01	
7.76E+02	1.32E+01	
7.78E+02	1.18E+01	
7.80E+02	1.05E+01	
7.82E+02	9.76E+00	
7.84E+02	8.91E+00	
7.86E+02	6.35E+00	
7.88E+02	5.60E+00	
7.91E+02	5.62E+00	
7.93E+02	5.04E+00	
7.95E+02	4.08E+00	
7.97E+02	3.71E+00	
7.99E+02	4.18E+00	
8.01E+02	3.07E+00	
8.03E+02	3.07E+00	
8.06E+02	2.80E+00	
8.08E+02	2.24E+00	
8.10E+02	1.90E+00	
8.12E+02	2.35E+00	
8.14E+02	2.60E+00	
8.16E+02	2.26E+00	
8.18E+02	2.49E+00	
8.21E+02	2.32E+00	
8.23E+02	2.94E+00	
8.25E+02	2.87E+00	
8.27E+02	2.29E+00	
8.29E+02	2.58E+00	
8.31E+02	2.51E+00	
8.34E+02	2.08E+00	
8.36E+02	2.85E+00	
8.38E+02	2.13E+00	
8.40E+02	1.97E+00	
8.42E+02	2.20E+00	
8.44E+02	2.27E+00	
8.46E+02	1.99E+00	
8.49E+02	1.51E+00	
