# Filename: guide/20241113streak_WT_target_DA_FRL_PSII3.ascii
 
Time explicit
Intervalnr 1
11.0931988
6.2937426800e+02	1.8561314006e-01
6.3152331500e+02	1.6797838520e-01
6.3367242400e+02	1.8435377192e-01
6.3582147200e+02	1.7471563781e-01
6.3797052000e+02	2.0271116692e-01
6.4011962900e+02	2.7049924961e-01
6.4226867700e+02	2.4521356344e-01
6.4441772500e+02	2.5638796071e-01
6.4656683300e+02	2.8610629654e-01
6.4871588100e+02	3.1899476834e-01
6.5086492900e+02	3.5556697352e-01
6.5301403800e+02	4.0607492605e-01
6.5516308600e+02	4.0986023132e-01
6.5731213400e+02	4.9070011707e-01
6.5946124300e+02	5.6068288665e-01
6.6161029100e+02	4.8435543373e-01
6.6375933800e+02	4.9376923811e-01
6.6590844700e+02	3.9185165488e-01
6.6805749500e+02	4.3145105960e-01
6.7020654300e+02	4.2133505087e-01
6.7235565200e+02	4.3099960187e-01
6.7450470000e+02	5.3108528748e-01
6.7665374800e+02	7.3562083991e-01
6.7880285600e+02	9.8913402724e-01
6.8095190400e+02	1.2525954254e+00
6.8310095200e+02	1.6113901519e+00
6.8525006100e+02	1.7587329247e+00
6.8739910900e+02	1.8746908532e+00
6.8954815700e+02	1.8684824720e+00
6.9169726600e+02	2.0243739164e+00
6.9384631300e+02	2.2471447748e+00
6.9599536100e+02	2.5425188364e+00
6.9814447000e+02	2.4791172928e+00
7.0029351800e+02	2.2229947827e+00
7.0244256600e+02	1.8901218358e+00
7.0459167500e+02	1.5500944471e+00
7.0674072300e+02	1.3437597111e+00
7.0888977100e+02	1.1609783681e+00
7.1103881800e+02	1.0380081846e+00
7.1318792700e+02	1.0742699333e+00
7.1533697500e+02	1.1041731348e+00
7.1748608400e+02	9.0942572637e-01
7.1963513200e+02	9.5251751765e-01
7.2178418000e+02	8.9306396718e-01
7.2393322800e+02	8.8493820695e-01
7.2608233600e+02	9.0342149327e-01
7.2823138400e+02	6.5118190658e-01
7.3038049300e+02	7.4512909706e-01
7.3252954100e+02	7.4364157849e-01
7.3467858900e+02	6.7866481860e-01
7.3682763700e+02	6.3432337732e-01
7.3897674600e+02	5.6512397367e-01
7.4112579300e+02	4.9899968478e-01
7.4327490200e+02	5.5114277804e-01
7.4542395000e+02	6.1446858552e-01
7.4757299800e+02	6.0268175567e-01
7.4972204600e+02	5.4367701561e-01
7.5187115500e+02	5.6439280838e-01
7.5402020300e+02	5.9519551166e-01
7.5616931200e+02	5.6279288190e-01
7.5831835900e+02	6.8738789559e-01
7.6046740700e+02	6.4161245594e-01
7.6261645500e+02	5.8585247108e-01
7.6476556400e+02	5.4284847574e-01
7.6691461200e+02	5.4119123358e-01
7.6906372100e+02	4.3623005888e-01
7.7121276900e+02	5.2109167991e-01
7.7336181600e+02	5.3077908942e-01
7.7551086400e+02	4.6813497556e-01
7.7765997300e+02	4.7490011282e-01
7.7980902100e+02	4.0411994903e-01
7.8195813000e+02	3.5783773019e-01
7.8410717800e+02	3.5247419821e-01
7.8625622600e+02	3.8006002138e-01
7.8840527300e+02	2.6185895906e-01
7.9055438200e+02	3.6995529852e-01
7.9270343000e+02	3.0154575430e-01
7.9485253900e+02	2.7703142586e-01
7.9700158700e+02	2.0324538191e-01
7.9915063500e+02	2.6892080257e-01
8.0129968300e+02	3.2927439729e-01
8.0344879200e+02	2.6242712769e-01
8.0559783900e+02	2.1884977174e-01
8.0774694800e+02	2.1739258031e-01
8.0989599600e+02	2.3653110335e-01
8.1204504400e+02	2.2760878038e-01
8.1419409200e+02	2.7616852819e-01
8.1634320100e+02	1.8074706058e-01
8.1849224900e+02	1.8569255697e-01
8.2064135700e+02	2.0470367072e-01
8.2279040500e+02	1.8453283024e-01
8.2493945300e+02	1.7458856348e-01
8.2708850100e+02	2.1242512038e-01
8.2923761000e+02	1.9494333675e-01
8.3138665800e+02	2.0985066452e-01
8.3353576700e+02	1.7994775417e-01
8.3568481400e+02	2.1298887806e-01
8.3783386200e+02	1.7585668656e-01
8.3998291000e+02	2.1077400469e-01
8.4213201900e+02	1.9196094483e-01
8.4428106700e+02	1.6774646677e-01
8.4643017600e+02	1.8320953678e-01
8.4857922400e+02	1.6679285878e-01
