# Filename: guide/20241113streak_WT_target_DA_FRL_PSI3.ascii
 
Time explicit
Intervalnr 1
11.0931988
6.2937426800e+02	0.0000000000e+00
6.3152331500e+02	0.0000000000e+00
6.3367242400e+02	0.0000000000e+00
6.3582147200e+02	0.0000000000e+00
6.3797052000e+02	0.0000000000e+00
6.4011962900e+02	0.0000000000e+00
6.4226867700e+02	0.0000000000e+00
6.4441772500e+02	0.0000000000e+00
6.4656683300e+02	0.0000000000e+00
6.4871588100e+02	0.0000000000e+00
6.5086492900e+02	0.0000000000e+00
6.5301403800e+02	0.0000000000e+00
6.5516308600e+02	0.0000000000e+00
6.5731213400e+02	0.0000000000e+00
6.5946124300e+02	0.0000000000e+00
6.6161029100e+02	0.0000000000e+00
6.6375933800e+02	0.0000000000e+00
6.6590844700e+02	0.0000000000e+00
6.6805749500e+02	0.0000000000e+00
6.7020654300e+02	0.0000000000e+00
6.7235565200e+02	0.0000000000e+00
6.7450470000e+02	0.0000000000e+00
6.7665374800e+02	0.0000000000e+00
6.7880285600e+02	0.0000000000e+00
6.8095190400e+02	0.0000000000e+00
6.8310095200e+02	0.0000000000e+00
6.8525006100e+02	0.0000000000e+00
6.8739910900e+02	0.0000000000e+00
6.8954815700e+02	0.0000000000e+00
6.9169726600e+02	3.0678539172e+00
6.9384631300e+02	6.4708541763e+00
6.9599536100e+02	6.9160026357e+00
6.9814447000e+02	8.1982121493e+00
7.0029351800e+02	7.1280681591e+00
7.0244256600e+02	6.5171946091e+00
7.0459167500e+02	6.2780984266e+00
7.0674072300e+02	8.0590351593e+00
7.0888977100e+02	1.1012668102e+01
7.1103881800e+02	1.6677597178e+01
7.1318792700e+02	2.4584103739e+01
7.1533697500e+02	3.3707120797e+01
7.1748608400e+02	4.4976265643e+01
7.1963513200e+02	5.7414279538e+01
7.2178418000e+02	6.5325667295e+01
7.2393322800e+02	7.2431324821e+01
7.2608233600e+02	7.5208118744e+01
7.2823138400e+02	7.5217867019e+01
7.3038049300e+02	7.2418388887e+01
7.3252954100e+02	6.8440964927e+01
7.3467858900e+02	6.2781245928e+01
7.3682763700e+02	5.7537249788e+01
7.3897674600e+02	5.1635116149e+01
7.4112579300e+02	4.5207009716e+01
7.4327490200e+02	3.9911065016e+01
7.4542395000e+02	3.4826415018e+01
7.4757299800e+02	2.9899309295e+01
7.4972204600e+02	2.6501014449e+01
7.5187115500e+02	2.3524316114e+01
7.5402020300e+02	2.0510310136e+01
7.5616931200e+02	1.8581385895e+01
7.5831835900e+02	1.6229450415e+01
7.6046740700e+02	1.4808779022e+01
7.6261645500e+02	1.3675705896e+01
7.6476556400e+02	1.2722917301e+01
7.6691461200e+02	1.1246527918e+01
7.6906372100e+02	1.0580652712e+01
7.7121276900e+02	9.8394289071e+00
7.7336181600e+02	9.1096994293e+00
7.7551086400e+02	9.0843217103e+00
7.7765997300e+02	8.8279174216e+00
7.7980902100e+02	8.9587195224e+00
7.8195813000e+02	8.9553143559e+00
7.8410717800e+02	8.7470548733e+00
7.8625622600e+02	8.5722366774e+00
7.8840527300e+02	8.8670114222e+00
7.9055438200e+02	8.7065286228e+00
7.9270343000e+02	8.4664254873e+00
7.9485253900e+02	8.3568436167e+00
7.9700158700e+02	8.0959685513e+00
7.9915063500e+02	7.9999165641e+00
8.0129968300e+02	7.2891335078e+00
8.0344879200e+02	6.9891088133e+00
8.0559783900e+02	7.0612622780e+00
8.0774694800e+02	6.4868264433e+00
8.0989599600e+02	6.3061597251e+00
8.1204504400e+02	5.6280546423e+00
8.1419409200e+02	5.3457722079e+00
8.1634320100e+02	5.4078772248e+00
8.1849224900e+02	4.7807556592e+00
8.2064135700e+02	4.5170413548e+00
8.2279040500e+02	4.0018854718e+00
8.2493945300e+02	3.8865046891e+00
8.2708850100e+02	3.5591047636e+00
8.2923761000e+02	3.3609036619e+00
8.3138665800e+02	2.7510491283e+00
8.3353576700e+02	2.6961321448e+00
8.3568481400e+02	2.4026246562e+00
8.3783386200e+02	2.2968654421e+00
8.3998291000e+02	2.0808928384e+00
8.4213201900e+02	1.9723900942e+00
8.4428106700e+02	1.5546719809e+00
8.4643017600e+02	1.6091015590e+00
8.4857922400e+02	1.5842345086e+00
