# Filename: guide/20241113streak_WT_target_DA_FRL_APC660b.ascii
 
Time explicit
Intervalnr 1
11.0931988
6.2937426800e+02	0.0000000000e+00
6.3152331500e+02	0.0000000000e+00
6.3367242400e+02	1.0623479916e+00
6.3582147200e+02	0.0000000000e+00
6.3797052000e+02	1.5187178555e+00
6.4011962900e+02	0.0000000000e+00
6.4226867700e+02	0.0000000000e+00
6.4441772500e+02	2.9740716756e+00
6.4656683300e+02	1.5450960439e+01
6.4871588100e+02	1.2353131895e+01
6.5086492900e+02	3.2565576819e+01
6.5301403800e+02	5.6107391286e+01
6.5516308600e+02	7.9412720896e+01
6.5731213400e+02	8.8152775366e+01
6.5946124300e+02	1.0318826091e+02
6.6161029100e+02	1.2516660694e+02
6.6375933800e+02	1.3962530713e+02
6.6590844700e+02	1.1601497512e+02
6.6805749500e+02	1.2872908918e+02
6.7020654300e+02	1.0933552124e+02
6.7235565200e+02	8.1716546002e+01
6.7450470000e+02	6.0155594782e+01
6.7665374800e+02	4.9369327467e+01
6.7880285600e+02	3.1367358765e+01
6.8095190400e+02	4.7979702239e+01
6.8310095200e+02	1.9655874120e+01
6.8525006100e+02	2.0590839343e+01
6.8739910900e+02	1.6744419364e+01
6.8954815700e+02	2.3556732452e+01
6.9169726600e+02	1.8401448530e+00
6.9384631300e+02	2.4544516454e+01
6.9599536100e+02	1.1453132782e+01
6.9814447000e+02	2.8326538951e+01
7.0029351800e+02	2.2669444571e+01
7.0244256600e+02	2.9237080541e+01
7.0459167500e+02	1.8485566202e+01
7.0674072300e+02	2.2648539146e+01
7.0888977100e+02	3.0606024546e+01
7.1103881800e+02	2.9091508258e+01
7.1318792700e+02	2.7668954169e+01
7.1533697500e+02	2.2033166957e+01
7.1748608400e+02	2.2213976445e+01
7.1963513200e+02	2.8212708751e+01
7.2178418000e+02	2.3840890152e+01
7.2393322800e+02	2.2933434748e+01
7.2608233600e+02	2.1802357738e+01
7.2823138400e+02	1.8719657052e+01
7.3038049300e+02	1.7697419121e+01
7.3252954100e+02	1.7578921826e+01
7.3467858900e+02	2.0463350799e+01
7.3682763700e+02	1.2899345646e+01
7.3897674600e+02	1.2908428866e+01
7.4112579300e+02	6.1971020902e+00
7.4327490200e+02	6.8240797298e+00
7.4542395000e+02	4.2331985124e+00
7.4757299800e+02	2.2164065055e+00
7.4972204600e+02	2.9291807821e+00
7.5187115500e+02	1.0418037264e+00
7.5402020300e+02	1.0392819092e+00
7.5616931200e+02	9.3275868036e-01
7.5831835900e+02	6.1605502344e-01
7.6046740700e+02	5.3462839928e-01
7.6261645500e+02	3.4267298290e-01
7.6476556400e+02	2.9937379530e-01
7.6691461200e+02	4.2637263506e-01
7.6906372100e+02	3.1744793549e-01
7.7121276900e+02	2.4863112110e-01
7.7336181600e+02	2.0404657307e-01
7.7551086400e+02	1.2364645404e-01
7.7765997300e+02	1.7842319816e-01
7.7980902100e+02	1.5818332115e-01
7.8195813000e+02	2.5746614749e-01
7.8410717800e+02	7.5430260001e-02
7.8625622600e+02	5.0392970981e-01
7.8840527300e+02	8.0725019259e-01
7.9055438200e+02	1.7044287050e+00
7.9270343000e+02	8.0650512973e-01
7.9485253900e+02	1.0814722808e+00
7.9700158700e+02	6.4193293987e-02
7.9915063500e+02	1.4961996060e+00
8.0129968300e+02	6.4784047367e-02
8.0344879200e+02	1.5165141869e+00
8.0559783900e+02	1.9158008808e+00
8.0774694800e+02	1.1441070521e+00
8.0989599600e+02	1.3100118192e+00
8.1204504400e+02	8.9782227944e-02
8.1419409200e+02	8.4787239211e-01
8.1634320100e+02	8.8774658913e-01
8.1849224900e+02	0.0000000000e+00
8.2064135700e+02	4.4473222402e-01
8.2279040500e+02	1.1388946618e-01
8.2493945300e+02	5.2257740680e-01
8.2708850100e+02	1.5203217837e+00
8.2923761000e+02	8.7779553656e-01
8.3138665800e+02	3.7040505272e-01
8.3353576700e+02	4.0869848683e-01
8.3568481400e+02	7.8703150434e-01
8.3783386200e+02	1.6267537944e-01
8.3998291000e+02	1.2133570057e-01
8.4213201900e+02	7.1534702001e-01
8.4428106700e+02	2.8411039066e-01
8.4643017600e+02	1.4226595436e-01
8.4857922400e+02	1.3746771417e-01
