# Filename: guide/20241113streak_DG_target_DA_FRL_PC650b.ascii
 
Time explicit
Intervalnr 1
11.0931988
6.2922522000e+02	8.2184880277e+00
6.3137426800e+02	1.0541603725e+01
6.3352331500e+02	1.2693175043e+01
6.3567242400e+02	2.4477477201e+01
6.3782147200e+02	3.3515798311e+01
6.3997052000e+02	5.0314229982e+01
6.4211962900e+02	7.1981496588e+01
6.4426867700e+02	9.3398051163e+01
6.4641772500e+02	1.0799330579e+02
6.4856683300e+02	1.2965938068e+02
6.5071588100e+02	1.3047373226e+02
6.5286492900e+02	1.1958247816e+02
6.5501403800e+02	1.1398200016e+02
6.5716308600e+02	1.2108217295e+02
6.5931213400e+02	1.1979364254e+02
6.6146124300e+02	1.2402593800e+02
6.6361029100e+02	1.0262185838e+02
6.6575933800e+02	1.0007787657e+02
6.6790844700e+02	7.4763849695e+01
6.7005749500e+02	6.1379304604e+01
6.7220654300e+02	5.7252780399e+01
6.7435565200e+02	4.8295930892e+01
6.7650470000e+02	3.0366617330e+01
6.7865374800e+02	2.2299138279e+01
6.8080285600e+02	0.0000000000e+00
6.8295190400e+02	1.0377276478e+00
6.8510095200e+02	4.7713994915e-01
6.8725006100e+02	0.0000000000e+00
6.8939910900e+02	0.0000000000e+00
6.9154815700e+02	1.3853206609e+01
6.9369726600e+02	7.0477389441e-01
6.9584631300e+02	1.0464537423e+01
6.9799536100e+02	4.4154163223e+00
7.0014447000e+02	5.0541744007e+00
7.0229351800e+02	6.7974283918e+00
7.0444256600e+02	1.0241133528e+01
7.0659167500e+02	8.4685477045e+00
7.0874072300e+02	5.5818338348e+00
7.1088977100e+02	3.5706566972e+00
7.1303881800e+02	6.5187554826e-01
7.1518792700e+02	5.8946655439e-01
7.1733697500e+02	1.1952957443e+00
7.1948608400e+02	0.0000000000e+00
7.2163513200e+02	0.0000000000e+00
7.2378418000e+02	2.0563867808e+00
7.2593322800e+02	3.4721211234e+00
7.2808233600e+02	5.3455641649e+00
7.3023138400e+02	5.7365208636e+00
7.3238049300e+02	5.4397396753e+00
7.3452954100e+02	3.3597462072e+00
7.3667858900e+02	6.0857307070e+00
7.3882763700e+02	5.1149544793e+00
7.4097674600e+02	7.2255906239e+00
7.4312579300e+02	7.6798642672e+00
7.4527490200e+02	7.2509331705e+00
7.4742395000e+02	6.9240073517e+00
7.4957299800e+02	4.1170629556e+00
7.5172204600e+02	3.5083377651e+00
7.5387115500e+02	3.2396785178e+00
7.5602020300e+02	1.8250914656e+00
7.5816931200e+02	2.1439206459e+00
7.6031835900e+02	0.0000000000e+00
7.6246740700e+02	4.0969071852e-01
7.6461645500e+02	0.0000000000e+00
7.6676556400e+02	0.0000000000e+00
7.6891461200e+02	0.0000000000e+00
7.7106372100e+02	0.0000000000e+00
7.7321276900e+02	0.0000000000e+00
7.7536181600e+02	0.0000000000e+00
7.7751086400e+02	0.0000000000e+00
7.7965997300e+02	3.6652141495e-01
7.8180902100e+02	0.0000000000e+00
7.8395813000e+02	2.0492919996e-01
7.8610717800e+02	5.8726505559e-01
7.8825622600e+02	7.1386774954e-02
7.9040527300e+02	0.0000000000e+00
7.9255438200e+02	4.2966306076e-01
7.9470343000e+02	1.0278049533e+00
7.9685253900e+02	8.9057541950e-01
7.9900158700e+02	0.0000000000e+00
8.0115063500e+02	8.1694454241e-01
8.0329968300e+02	1.0275320969e-01
8.0544879200e+02	0.0000000000e+00
8.0759783900e+02	4.4231583895e-01
8.0974694800e+02	1.1516096692e-01
8.1189599600e+02	1.1305131087e+00
8.1404504400e+02	0.0000000000e+00
8.1619409200e+02	3.3061308250e-01
8.1834320100e+02	6.2484081315e-01
8.2049224900e+02	7.7527966813e-01
8.2264135700e+02	6.0025826821e-01
8.2479040500e+02	1.2386788088e-01
8.2693945300e+02	0.0000000000e+00
8.2908850100e+02	2.9805658530e-01
8.3123761000e+02	9.2445790746e-02
8.3338665800e+02	6.1867466297e-01
8.3553576700e+02	2.0762263393e-01
8.3768481400e+02	2.6890408425e-01
8.3983386200e+02	2.1708657890e-01
8.4198291000e+02	0.0000000000e+00
8.4413201900e+02	0.0000000000e+00
8.4628106700e+02	9.8024512548e-02
8.4843017600e+02	2.6456967930e-01
