# Filename: guide/20241120megacomplex77K_freerod.ascii
 
Time explicit
Intervalnr 1
2.37309027
6.3053588900e+02	1.8540136624e+01
6.3126513700e+02	1.9446168483e+01
6.3199444600e+02	2.0973092664e+01
6.3272375500e+02	2.2036184698e+01
6.3345300300e+02	2.2677049685e+01
6.3418225100e+02	2.3677929895e+01
6.3491162100e+02	2.6422977882e+01
6.3564086900e+02	2.7257191122e+01
6.3637011700e+02	2.9015579929e+01
6.3709942600e+02	3.1759735342e+01
6.3782873500e+02	3.2931239672e+01
6.3855798300e+02	3.4228572582e+01
6.3928723100e+02	3.5638741873e+01
6.4001654100e+02	3.7042976882e+01
6.4074585000e+02	3.8610695497e+01
6.4147509800e+02	4.0627119598e+01
6.4220440700e+02	4.0818081551e+01
6.4293371600e+02	4.1252157644e+01
6.4366296400e+02	4.1058964266e+01
6.4439221200e+02	4.2833657435e+01
6.4512152100e+02	4.1968482466e+01
6.4585083000e+02	4.2481575730e+01
6.4658007800e+02	4.1742273337e+01
6.4730932600e+02	4.0768005107e+01
6.4803869600e+02	3.9348203560e+01
6.4876794400e+02	3.8401509319e+01
6.4949719200e+02	3.6685915432e+01
6.5022650100e+02	3.6023218826e+01
6.5095581100e+02	3.4776203661e+01
6.5168505900e+02	3.3062335432e+01
6.5241430700e+02	3.1146655180e+01
6.5314361600e+02	3.0035590810e+01
6.5387292500e+02	2.8838309387e+01
6.5460217300e+02	2.6666580550e+01
6.5533142100e+02	2.5904550638e+01
6.5606079100e+02	2.4133717653e+01
6.5679003900e+02	2.3609035355e+01
6.5751928700e+02	2.1265499804e+01
6.5824859600e+02	1.9880518494e+01
6.5897790500e+02	1.8732948301e+01
6.5970715300e+02	1.7625733860e+01
6.6043640100e+02	1.7411536204e+01
6.6116571000e+02	1.5616291877e+01
6.6189502000e+02	1.4538976213e+01
6.6262426800e+02	1.4511206994e+01
6.6335357700e+02	1.3883637808e+01
6.6408288600e+02	1.3169912847e+01
6.6481213400e+02	1.2680001449e+01
6.6554138200e+02	1.2388568064e+01
6.6627069100e+02	1.1951947499e+01
6.6700000000e+02	1.1823903390e+01
6.6772924800e+02	1.2176538668e+01
6.6845849600e+02	1.2052490490e+01
6.6918786600e+02	1.2145616662e+01
6.6991711400e+02	1.2717958068e+01
6.7064636200e+02	0.0000000000e+00
6.7137567100e+02	0.0000000000e+00
6.7210498000e+02	0.0000000000e+00
6.7283422900e+02	0.0000000000e+00
6.7356347700e+02	6.2574271323e+00
6.7429278600e+02	0.0000000000e+00
6.7502209500e+02	0.0000000000e+00
6.7575134300e+02	0.0000000000e+00
6.7648065200e+02	0.0000000000e+00
6.7720996100e+02	0.0000000000e+00
6.7793920900e+02	0.0000000000e+00
6.7866845700e+02	0.0000000000e+00
6.7939776600e+02	0.0000000000e+00
6.8012707500e+02	0.0000000000e+00
6.8085632300e+02	0.0000000000e+00
6.8158557100e+02	0.0000000000e+00
6.8231494100e+02	0.0000000000e+00
6.8304418900e+02	0.0000000000e+00
6.8377343800e+02	0.0000000000e+00
6.8450274700e+02	0.0000000000e+00
6.8523205600e+02	0.0000000000e+00
6.8596130400e+02	0.0000000000e+00
6.8669055200e+02	0.0000000000e+00
6.8741986100e+02	0.0000000000e+00
6.8814917000e+02	0.0000000000e+00
6.8887841800e+02	0.0000000000e+00
6.8960766600e+02	0.0000000000e+00
6.9033703600e+02	0.0000000000e+00
6.9106628400e+02	0.0000000000e+00
6.9179553200e+02	0.0000000000e+00
6.9252484100e+02	0.0000000000e+00
6.9325415000e+02	0.0000000000e+00
6.9398339800e+02	0.0000000000e+00
6.9471264600e+02	0.0000000000e+00
6.9544195600e+02	0.0000000000e+00
6.9617126500e+02	0.0000000000e+00
6.9690051300e+02	0.0000000000e+00
6.9762982200e+02	0.0000000000e+00
6.9835913100e+02	0.0000000000e+00
6.9908837900e+02	0.0000000000e+00
6.9981762700e+02	0.0000000000e+00
7.0054693600e+02	0.0000000000e+00
7.0127624500e+02	0.0000000000e+00
7.0200549300e+02	0.0000000000e+00
7.0273474100e+02	0.0000000000e+00
7.0346411100e+02	0.0000000000e+00
7.0419335900e+02	0.0000000000e+00
7.0492260700e+02	0.0000000000e+00
7.0565191700e+02	0.0000000000e+00
7.0638122600e+02	0.0000000000e+00
7.0711047400e+02	0.0000000000e+00
7.0783972200e+02	0.0000000000e+00
7.0856903100e+02	0.0000000000e+00
7.0929834000e+02	0.0000000000e+00
7.1002758800e+02	0.0000000000e+00
7.1075683600e+02	0.0000000000e+00
7.1148620600e+02	0.0000000000e+00
7.1221545400e+02	0.0000000000e+00
7.1294470200e+02	0.0000000000e+00
7.1367401100e+02	0.0000000000e+00
7.1440332000e+02	0.0000000000e+00
7.1513256800e+02	0.0000000000e+00
7.1586181600e+02	0.0000000000e+00
7.1659118700e+02	0.0000000000e+00
7.1732043500e+02	0.0000000000e+00
7.1804968300e+02	0.0000000000e+00
7.1877899200e+02	0.0000000000e+00
7.1950830100e+02	0.0000000000e+00
7.2023754900e+02	0.0000000000e+00
7.2096679700e+02	0.0000000000e+00
7.2169610600e+02	0.0000000000e+00
7.2242541500e+02	0.0000000000e+00
7.2315466300e+02	0.0000000000e+00
7.2388391100e+02	0.0000000000e+00
7.2461328100e+02	0.0000000000e+00
7.2534252900e+02	0.0000000000e+00
7.2607177700e+02	0.0000000000e+00
7.2680108600e+02	0.0000000000e+00
7.2753039600e+02	0.0000000000e+00
7.2825964400e+02	0.0000000000e+00
7.2898889200e+02	0.0000000000e+00
7.2971820100e+02	0.0000000000e+00
7.3044751000e+02	0.0000000000e+00
7.3117675800e+02	0.0000000000e+00
7.3190606700e+02	0.0000000000e+00
7.3263537600e+02	0.0000000000e+00
7.3336462400e+02	0.0000000000e+00
7.3409387200e+02	0.0000000000e+00
7.3482318100e+02	0.0000000000e+00
7.3555249000e+02	0.0000000000e+00
7.3628173800e+02	0.0000000000e+00
7.3701098600e+02	0.0000000000e+00
7.3774035600e+02	0.0000000000e+00
7.3846960400e+02	0.0000000000e+00
7.3919885300e+02	0.0000000000e+00
7.3992816200e+02	0.0000000000e+00
7.4065747100e+02	0.0000000000e+00
7.4138671900e+02	0.0000000000e+00
7.4211596700e+02	0.0000000000e+00
7.4284527600e+02	0.0000000000e+00
7.4357458500e+02	0.0000000000e+00
7.4430383300e+02	0.0000000000e+00
7.4503308100e+02	0.0000000000e+00
7.4576245100e+02	0.0000000000e+00
7.4649169900e+02	0.0000000000e+00
7.4722094700e+02	0.0000000000e+00
7.4795025600e+02	0.0000000000e+00
7.4867956500e+02	0.0000000000e+00
7.4940881300e+02	0.0000000000e+00
7.5013806200e+02	0.0000000000e+00
7.5086737100e+02	0.0000000000e+00
7.5159668000e+02	0.0000000000e+00
7.5232592800e+02	0.0000000000e+00
