# Filename: guide/20241127streak_DG_target_DA_FRL_PSII1.ascii
 
Time explicit
Intervalnr 1
11.0931988
6.2922522000e+02	3.1631660093e-04
6.3137426800e+02	4.0487006371e-04
6.3352331500e+02	2.6203911400e-04
6.3567242400e+02	5.7171798043e-04
6.3782147200e+02	5.1635452430e-04
6.3997052000e+02	1.2648452379e-03
6.4211962900e+02	1.5877180063e-03
6.4426867700e+02	1.9884786387e-03
6.4641772500e+02	2.2228735658e-03
6.4856683300e+02	2.5152691748e-03
6.5071588100e+02	1.4762911909e-03
6.5286492900e+02	0.0000000000e+00
6.5501403800e+02	0.0000000000e+00
6.5716308600e+02	0.0000000000e+00
6.5931213400e+02	5.6163387179e-04
6.6146124300e+02	1.0344656739e-03
6.6361029100e+02	1.4223602722e-03
6.6575933800e+02	3.9478781652e-03
6.6790844700e+02	2.4269660236e-03
6.7005749500e+02	4.1193970382e-03
6.7220654300e+02	5.3321196483e-03
6.7435565200e+02	7.1260828563e-03
6.7650470000e+02	7.7841730198e-03
6.7865374800e+02	1.0037746794e-02
6.8080285600e+02	8.1176671551e-03
6.8295190400e+02	1.3981356564e-02
6.8510095200e+02	1.5707322516e-02
6.8725006100e+02	1.8501453429e-02
6.8939910900e+02	1.7460346073e-02
6.9154815700e+02	1.8354086877e-02
6.9369726600e+02	1.5730525282e-02
6.9584631300e+02	1.4528414290e-02
6.9799536100e+02	1.1718596015e-02
7.0014447000e+02	1.0472592549e-02
7.0229351800e+02	8.5785171212e-03
7.0444256600e+02	8.6593895252e-03
7.0659167500e+02	7.2445260687e-03
7.0874072300e+02	5.3062331329e-03
7.1088977100e+02	5.0223925057e-03
7.1303881800e+02	3.7680687167e-03
7.1518792700e+02	2.8234393367e-03
7.1733697500e+02	2.1046947439e-03
7.1948608400e+02	8.2239659398e-04
7.2163513200e+02	9.0468545256e-04
7.2378418000e+02	5.0981505376e-04
7.2593322800e+02	0.0000000000e+00
7.2808233600e+02	5.0397174577e-04
7.3023138400e+02	9.5628361258e-04
7.3238049300e+02	3.9150574644e-04
7.3452954100e+02	4.4131195636e-04
7.3667858900e+02	1.5651700291e-03
7.3882763700e+02	1.8503146067e-03
7.4097674600e+02	2.7180418440e-03
7.4312579300e+02	3.3117852753e-03
7.4527490200e+02	3.6314328452e-03
7.4742395000e+02	4.2280371770e-03
7.4957299800e+02	4.1205306395e-03
7.5172204600e+02	4.7329223619e-03
7.5387115500e+02	4.2899073732e-03
7.5602020300e+02	4.0651943308e-03
7.5816931200e+02	3.9062774052e-03
7.6031835900e+02	3.5570802683e-03
7.6246740700e+02	3.2558719828e-03
7.6461645500e+02	3.1715460595e-03
7.6676556400e+02	2.8745678308e-03
7.6891461200e+02	2.6003640457e-03
7.7106372100e+02	2.5412351899e-03
7.7321276900e+02	2.4077612609e-03
7.7536181600e+02	2.2964758061e-03
7.7751086400e+02	1.9643701026e-03
7.7965997300e+02	1.9290832998e-03
7.8180902100e+02	1.7781468581e-03
7.8395813000e+02	1.5483044128e-03
7.8610717800e+02	1.0446906064e-03
7.8825622600e+02	9.9959684400e-04
7.9040527300e+02	8.0439830880e-04
7.9255438200e+02	8.4683056296e-04
7.9470343000e+02	6.4803328518e-04
7.9685253900e+02	8.8551421290e-04
7.9900158700e+02	5.6063202227e-04
8.0115063500e+02	5.8830003598e-04
8.0329968300e+02	5.9934384643e-04
8.0544879200e+02	5.5796601817e-04
8.0759783900e+02	6.1292228057e-04
8.0974694800e+02	5.4820020770e-04
8.1189599600e+02	6.6687172007e-04
8.1404504400e+02	7.9195974753e-04
8.1619409200e+02	6.2404022753e-04
8.1834320100e+02	6.4470848655e-04
8.2049224900e+02	5.9731545936e-04
8.2264135700e+02	6.7209857263e-04
8.2479040500e+02	5.2623492049e-04
8.2693945300e+02	3.8003891141e-04
8.2908850100e+02	5.6623337527e-04
8.3123761000e+02	4.9749072479e-04
8.3338665800e+02	4.3540172045e-04
8.3553576700e+02	4.3211473649e-04
8.3768481400e+02	4.9326852582e-04
8.3983386200e+02	4.6920275351e-04
8.4198291000e+02	3.7831802208e-04
8.4413201900e+02	4.7490115463e-04
8.4628106700e+02	3.8630989361e-04
8.4843017600e+02	4.2742885374e-04
