# Filename: guide/20241111PSI__streak_targetWT_PSI3.ascii
 
Time explicit
Intervalnr 1
11.0931988
6.2937426800e+02	0.0000000000e+00
6.3152331500e+02	0.0000000000e+00
6.3367242400e+02	0.0000000000e+00
6.3582147200e+02	0.0000000000e+00
6.3797052000e+02	0.0000000000e+00
6.4011962900e+02	0.0000000000e+00
6.4226867700e+02	0.0000000000e+00
6.4441772500e+02	0.0000000000e+00
6.4656683300e+02	0.0000000000e+00
6.4871588100e+02	0.0000000000e+00
6.5086492900e+02	0.0000000000e+00
6.5301403800e+02	0.0000000000e+00
6.5516308600e+02	0.0000000000e+00
6.5731213400e+02	0.0000000000e+00
6.5946124300e+02	0.0000000000e+00
6.6161029100e+02	0.0000000000e+00
6.6375933800e+02	0.0000000000e+00
6.6590844700e+02	0.0000000000e+00
6.6805749500e+02	0.0000000000e+00
6.7020654300e+02	0.0000000000e+00
6.7235565200e+02	0.0000000000e+00
6.7450470000e+02	0.0000000000e+00
6.7665374800e+02	0.0000000000e+00
6.7880285600e+02	0.0000000000e+00
6.8095190400e+02	0.0000000000e+00
6.8310095200e+02	0.0000000000e+00
6.8525006100e+02	0.0000000000e+00
6.8739910900e+02	0.0000000000e+00
6.8954815700e+02	0.0000000000e+00
6.9169726600e+02	3.6434321688e+00
6.9384631300e+02	5.0952238354e+00
6.9599536100e+02	5.3212638346e+00
6.9814447000e+02	5.4396036532e+00
7.0029351800e+02	4.9710124847e+00
7.0244256600e+02	4.8759306046e+00
7.0459167500e+02	4.0868119115e+00
7.0674072300e+02	5.4820950764e+00
7.0888977100e+02	7.5733452747e+00
7.1103881800e+02	1.1297245336e+01
7.1318792700e+02	1.6988222375e+01
7.1533697500e+02	2.3638830671e+01
7.1748608400e+02	3.3442741411e+01
7.1963513200e+02	4.3515255779e+01
7.2178418000e+02	5.2167771783e+01
7.2393322800e+02	5.9109257583e+01
7.2608233600e+02	6.3467788766e+01
7.2823138400e+02	6.4418511976e+01
7.3038049300e+02	6.3332006310e+01
7.3252954100e+02	6.0436202626e+01
7.3467858900e+02	5.5831523884e+01
7.3682763700e+02	5.1334871470e+01
7.3897674600e+02	4.7041582538e+01
7.4112579300e+02	4.1952483175e+01
7.4327490200e+02	3.6907772619e+01
7.4542395000e+02	3.1956511780e+01
7.4757299800e+02	2.8218373545e+01
7.4972204600e+02	2.4917356374e+01
7.5187115500e+02	2.1974335210e+01
7.5402020300e+02	1.9532005687e+01
7.5616931200e+02	1.7288020877e+01
7.5831835900e+02	1.4918414036e+01
7.6046740700e+02	1.3506853236e+01
7.6261645500e+02	1.2545639945e+01
7.6476556400e+02	1.1120113621e+01
7.6691461200e+02	9.8788999042e+00
7.6906372100e+02	9.7235653428e+00
7.7121276900e+02	8.4965444556e+00
7.7336181600e+02	7.9585921910e+00
7.7551086400e+02	7.4636188627e+00
7.7765997300e+02	7.3292405268e+00
7.7980902100e+02	7.2913526432e+00
7.8195813000e+02	7.5390380072e+00
7.8410717800e+02	7.2195130182e+00
7.8625622600e+02	7.0304257034e+00
7.8840527300e+02	7.2072303998e+00
7.9055438200e+02	6.7703464679e+00
7.9270343000e+02	7.1352059391e+00
7.9485253900e+02	6.9355797427e+00
7.9700158700e+02	6.9084185755e+00
7.9915063500e+02	6.4141996470e+00
8.0129968300e+02	6.0002040139e+00
8.0344879200e+02	5.9166153548e+00
8.0559783900e+02	5.9500942520e+00
8.0774694800e+02	5.5856860199e+00
8.0989599600e+02	5.1957720315e+00
8.1204504400e+02	4.9305929350e+00
8.1419409200e+02	4.4996216239e+00
8.1634320100e+02	4.5655160383e+00
8.1849224900e+02	4.2447322568e+00
8.2064135700e+02	3.8676138702e+00
8.2279040500e+02	3.6599589874e+00
8.2493945300e+02	3.4247059714e+00
8.2708850100e+02	2.9618658484e+00
8.2923761000e+02	2.9109751128e+00
8.3138665800e+02	2.4073219577e+00
8.3353576700e+02	2.3547235902e+00
8.3568481400e+02	2.0036378975e+00
8.3783386200e+02	1.9354004186e+00
8.3998291000e+02	1.6480979640e+00
8.4213201900e+02	1.5505985903e+00
8.4428106700e+02	1.3414450086e+00
8.4643017600e+02	1.2343285016e+00
8.4857922400e+02	1.1416144789e+00
