# Filename: guide/20241113streak_DG_target_DA_FRL_APC680.ascii
 
Time explicit
Intervalnr 1
11.0931988
6.2922522000e+02	3.3508458691e-01
6.3137426800e+02	4.7115955810e-01
6.3352331500e+02	2.5407361499e-01
6.3567242400e+02	0.0000000000e+00
6.3782147200e+02	0.0000000000e+00
6.3997052000e+02	4.7516377039e-01
6.4211962900e+02	0.0000000000e+00
6.4426867700e+02	0.0000000000e+00
6.4641772500e+02	3.8255278085e-01
6.4856683300e+02	1.5588538981e+00
6.5071588100e+02	1.5356618249e+00
6.5286492900e+02	1.6598536703e+00
6.5501403800e+02	2.2633892130e+00
6.5716308600e+02	3.1984721877e+00
6.5931213400e+02	5.9933639693e+00
6.6146124300e+02	7.1491229775e+00
6.6361029100e+02	9.8781837604e+00
6.6575933800e+02	1.5113521344e+01
6.6790844700e+02	1.9565047722e+01
6.7005749500e+02	2.6390321928e+01
6.7220654300e+02	4.0144447458e+01
6.7435565200e+02	6.1760304277e+01
6.7650470000e+02	9.0813818014e+01
6.7865374800e+02	1.2555971185e+02
6.8080285600e+02	1.4286371876e+02
6.8295190400e+02	1.5391075362e+02
6.8510095200e+02	1.4300326688e+02
6.8725006100e+02	1.2041538180e+02
6.8939910900e+02	9.4982837303e+01
6.9154815700e+02	7.1181304872e+01
6.9369726600e+02	5.3391618819e+01
6.9584631300e+02	4.2826817183e+01
6.9799536100e+02	3.2589025177e+01
7.0014447000e+02	2.8046123213e+01
7.0229351800e+02	2.0866947910e+01
7.0444256600e+02	2.1421351447e+01
7.0659167500e+02	2.0377336299e+01
7.0874072300e+02	1.7242437445e+01
7.1088977100e+02	1.6739096557e+01
7.1303881800e+02	1.6173267756e+01
7.1518792700e+02	1.7236400914e+01
7.1733697500e+02	1.5726792449e+01
7.1948608400e+02	1.3540317090e+01
7.2163513200e+02	1.3563368566e+01
7.2378418000e+02	1.3691118950e+01
7.2593322800e+02	1.2559553137e+01
7.2808233600e+02	1.3101716543e+01
7.3023138400e+02	1.1599112602e+01
7.3238049300e+02	1.2177807214e+01
7.3452954100e+02	1.1082263555e+01
7.3667858900e+02	1.3353694034e+01
7.3882763700e+02	1.2576262694e+01
7.4097674600e+02	1.3799382853e+01
7.4312579300e+02	1.3919431182e+01
7.4527490200e+02	1.5058777430e+01
7.4742395000e+02	1.5893284180e+01
7.4957299800e+02	1.5259512501e+01
7.5172204600e+02	1.4999416526e+01
7.5387115500e+02	1.4813619855e+01
7.5602020300e+02	1.2910966375e+01
7.5816931200e+02	1.2215740392e+01
7.6031835900e+02	1.1824132184e+01
7.6246740700e+02	1.1170457790e+01
7.6461645500e+02	1.0400835340e+01
7.6676556400e+02	1.0792651731e+01
7.6891461200e+02	9.4333908321e+00
7.7106372100e+02	8.2909037155e+00
7.7321276900e+02	7.0066892179e+00
7.7536181600e+02	6.5569761814e+00
7.7751086400e+02	5.2655660514e+00
7.7965997300e+02	5.1081190181e+00
7.8180902100e+02	4.1555038741e+00
7.8395813000e+02	3.5731537408e+00
7.8610717800e+02	3.0913648708e+00
7.8825622600e+02	2.8736420937e+00
7.9040527300e+02	2.2049344853e+00
7.9255438200e+02	2.1149495319e+00
7.9470343000e+02	2.2045304538e+00
7.9685253900e+02	2.1199069258e+00
7.9900158700e+02	1.6039046005e+00
8.0115063500e+02	1.8572296740e+00
8.0329968300e+02	1.6990526954e+00
8.0544879200e+02	1.5143717513e+00
8.0759783900e+02	1.7351642451e+00
8.0974694800e+02	1.4047648276e+00
8.1189599600e+02	1.6341560298e+00
8.1404504400e+02	1.5090901428e+00
8.1619409200e+02	1.4103532274e+00
8.1834320100e+02	1.5915235295e+00
8.2049224900e+02	1.2066736221e+00
8.2264135700e+02	9.8026226613e-01
8.2479040500e+02	1.2647863734e+00
8.2693945300e+02	8.1009140501e-01
8.2908850100e+02	1.0215266066e+00
8.3123761000e+02	1.1683751259e+00
8.3338665800e+02	8.2893117878e-01
8.3553576700e+02	7.6013560754e-01
8.3768481400e+02	9.1968771971e-01
8.3983386200e+02	7.8979839220e-01
8.4198291000e+02	8.2461913745e-01
8.4413201900e+02	7.9963415638e-01
8.4628106700e+02	8.2838393884e-01
8.4843017600e+02	6.7472234411e-01
