# Filename: guide/20240730DG_WT_PBS_77Kstreak_target_APC660t.ascii
 
Time explicit
Intervalnr 1
19.4186287
5.9025006100e+02	5.0517888158e+00
5.9239910900e+02	6.0795810610e+00
5.9454815700e+02	8.0535204567e+00
5.9669726600e+02	3.3030948907e+00
5.9884631300e+02	5.5744255590e+00
6.0099536100e+02	7.6127774486e+00
6.0314447000e+02	4.5328803853e+00
6.0529351800e+02	0.0000000000e+00
6.0744256600e+02	1.5835427784e+00
6.0959167500e+02	0.0000000000e+00
6.1174072300e+02	0.0000000000e+00
6.1388977100e+02	0.0000000000e+00
6.1603881800e+02	7.3063634728e+00
6.1818792700e+02	1.2124732676e+01
6.2033697500e+02	9.3584154487e+00
6.2248608400e+02	1.0583855257e+01
6.2463513200e+02	1.1637986987e+01
6.2678418000e+02	6.5490508438e+00
6.2893322800e+02	0.0000000000e+00
6.3108233600e+02	0.0000000000e+00
6.3323138400e+02	5.9164873356e+00
6.3538049300e+02	0.0000000000e+00
6.3752954100e+02	9.7971370614e+00
6.3967858900e+02	2.0691279903e+00
6.4182763700e+02	0.0000000000e+00
6.4397674600e+02	1.9271609892e+01
6.4612579300e+02	6.0754323402e+01
6.4827490200e+02	4.9486724939e+01
6.5042395000e+02	1.1931366424e+02
6.5257299800e+02	1.9796424147e+02
6.5472204600e+02	2.7147146440e+02
6.5687115500e+02	2.9790568547e+02
6.5902020300e+02	3.4128414212e+02
6.6116931200e+02	4.1110586904e+02
6.6331835900e+02	4.5574290769e+02
6.6546740700e+02	3.7261374019e+02
6.6761645500e+02	4.1526553444e+02
6.6976556400e+02	3.5277082519e+02
6.7191461200e+02	2.6340294873e+02
6.7406372100e+02	1.9559410626e+02
6.7621276900e+02	1.6610590767e+02
6.7836181600e+02	1.0939738432e+02
6.8051086400e+02	1.7979272340e+02
6.8265997300e+02	7.8452740050e+01
6.8480902100e+02	7.6095512741e+01
6.8695813000e+02	5.5792703583e+01
6.8910717800e+02	7.7200867155e+01
6.9125622600e+02	3.6565552951e+00
6.9340527300e+02	7.9961954482e+01
6.9555438200e+02	3.6741778337e+01
6.9770343000e+02	9.3725216154e+01
6.9985253900e+02	7.3645183519e+01
7.0200158700e+02	9.5635579740e+01
7.0415063500e+02	6.1032192828e+01
7.0629968300e+02	7.3827862592e+01
7.0844879200e+02	1.0220216341e+02
7.1059783900e+02	9.9465326040e+01
7.1274694800e+02	9.5746670099e+01
7.1489599600e+02	7.8520611062e+01
7.1704504400e+02	7.8035021767e+01
7.1919409200e+02	9.9829684801e+01
7.2134320100e+02	8.5053242459e+01
7.2349224900e+02	8.2313789180e+01
7.2564135700e+02	7.5652535800e+01
7.2779040500e+02	6.3067803857e+01
7.2993945300e+02	5.9819239521e+01
7.3208850100e+02	5.6844532949e+01
7.3423761000e+02	6.7074097446e+01
7.3638665800e+02	4.0204456128e+01
7.3853576700e+02	4.0901140095e+01
7.4068481400e+02	1.7200522013e+01
7.4283386200e+02	1.9216826253e+01
7.4498291000e+02	9.4914799232e+00
7.4713201900e+02	2.7895522413e+00
7.4928106700e+02	6.3519690991e+00
7.5143017600e+02	0.0000000000e+00
7.5357922400e+02	0.0000000000e+00
7.5572827100e+02	0.0000000000e+00
7.5787731900e+02	0.0000000000e+00
7.6002642800e+02	0.0000000000e+00
7.6217547600e+02	0.0000000000e+00
7.6432458500e+02	0.0000000000e+00
7.6647363300e+02	0.0000000000e+00
7.6862268100e+02	0.0000000000e+00
7.7077172900e+02	0.0000000000e+00
7.7292083700e+02	0.0000000000e+00
7.7506988500e+02	0.0000000000e+00
7.7721899400e+02	0.0000000000e+00
7.7936804200e+02	0.0000000000e+00
7.8151709000e+02	4.3134679183e-01
7.8366613800e+02	0.0000000000e+00
7.8581524700e+02	1.5100006491e+00
7.8796429400e+02	2.2952948658e+00
7.9011340300e+02	5.9681941288e+00
7.9226245100e+02	2.6619167943e+00
7.9441149900e+02	3.1246277061e+00
7.9656054700e+02	0.0000000000e+00
7.9870965600e+02	4.8193558220e+00
8.0085870400e+02	0.0000000000e+00
8.0300781200e+02	4.6285060840e+00
8.0515686000e+02	6.5682856178e+00
8.0730590800e+02	3.5650237826e+00
8.0945495600e+02	3.7777575975e+00
8.1160406500e+02	0.0000000000e+00
8.1375311300e+02	2.8731066911e+00
8.1590222200e+02	3.6837526206e+00
8.1805127000e+02	0.0000000000e+00
8.2020031700e+02	2.1742478115e+00
8.2234936500e+02	1.7412913664e+00
8.2449847400e+02	1.6346709385e+00
8.2664752200e+02	5.4676666638e+00
8.2879663100e+02	2.9404376747e+00
8.3094567900e+02	9.8828439209e-01
8.3309472700e+02	9.3438155866e-01
8.3524377400e+02	2.3315481642e+00
8.3739288300e+02	0.0000000000e+00
8.3954193100e+02	0.0000000000e+00
8.4169104000e+02	2.2769515110e+00
8.4384008800e+02	8.5770488752e-01
8.4598913600e+02	0.0000000000e+00
8.4813818400e+02	0.0000000000e+00
