# Filename: guide/20241127streak_DG_target_DA_FRL_PC650e.ascii
 
Time explicit
Intervalnr 1
11.0931988
6.2922522000e+02	3.8920215567e-03
6.3137426800e+02	4.7499775435e-03
6.3352331500e+02	6.6288763019e-03
6.3567242400e+02	1.1192802115e-02
6.3782147200e+02	1.4236447816e-02
6.3997052000e+02	1.9863797545e-02
6.4211962900e+02	2.9714624449e-02
6.4426867700e+02	3.6579252038e-02
6.4641772500e+02	3.9255951654e-02
6.4856683300e+02	4.8043289305e-02
6.5071588100e+02	4.9743151272e-02
6.5286492900e+02	4.7214166092e-02
6.5501403800e+02	4.2635083597e-02
6.5716308600e+02	4.4615605157e-02
6.5931213400e+02	3.7783546384e-02
6.6146124300e+02	2.7685297768e-02
6.6361029100e+02	1.8182066283e-02
6.6575933800e+02	2.0486156187e-02
6.6790844700e+02	8.8180648177e-03
6.7005749500e+02	8.1001011568e-03
6.7220654300e+02	1.1854180315e-02
6.7435565200e+02	8.9227875016e-03
6.7650470000e+02	3.8240601832e-03
6.7865374800e+02	2.3374293714e-03
6.8080285600e+02	0.0000000000e+00
6.8295190400e+02	2.0898869688e-03
6.8510095200e+02	1.1452968976e-03
6.8725006100e+02	9.7953838976e-04
6.8939910900e+02	7.5024678413e-04
6.9154815700e+02	9.7727498517e-03
6.9369726600e+02	0.0000000000e+00
6.9584631300e+02	6.0630232322e-03
6.9799536100e+02	0.0000000000e+00
7.0014447000e+02	1.7731978537e-03
7.0229351800e+02	1.9347749101e-03
7.0444256600e+02	4.0258390915e-03
7.0659167500e+02	1.6000090007e-03
7.0874072300e+02	0.0000000000e+00
7.1088977100e+02	2.3965721729e-05
7.1303881800e+02	0.0000000000e+00
7.1518792700e+02	1.5769266584e-04
7.1733697500e+02	0.0000000000e+00
7.1948608400e+02	0.0000000000e+00
7.2163513200e+02	0.0000000000e+00
7.2378418000e+02	0.0000000000e+00
7.2593322800e+02	1.3226800209e-03
7.2808233600e+02	4.1141256957e-04
7.3023138400e+02	1.4888043642e-03
7.3238049300e+02	4.0047222636e-04
7.3452954100e+02	0.0000000000e+00
7.3667858900e+02	5.2663454772e-04
7.3882763700e+02	3.6170945551e-04
7.4097674600e+02	1.0527281855e-03
7.4312579300e+02	8.4352722058e-04
7.4527490200e+02	1.0196823424e-03
7.4742395000e+02	9.5014346155e-04
7.4957299800e+02	5.3641382464e-04
7.5172204600e+02	5.0404369976e-04
7.5387115500e+02	5.5438658247e-04
7.5602020300e+02	3.4961485259e-04
7.5816931200e+02	4.3478439961e-04
7.6031835900e+02	5.9647845930e-05
7.6246740700e+02	1.9993871479e-04
7.6461645500e+02	5.7773476675e-06
7.6676556400e+02	3.0821289166e-05
7.6891461200e+02	1.5966012189e-05
7.7106372100e+02	2.2209379281e-05
7.7321276900e+02	0.0000000000e+00
7.7536181600e+02	0.0000000000e+00
7.7751086400e+02	5.0256636031e-05
7.7965997300e+02	4.2617762245e-05
7.8180902100e+02	0.0000000000e+00
7.8395813000e+02	7.0940721757e-05
7.8610717800e+02	8.8461548918e-05
7.8825622600e+02	1.0885128199e-05
7.9040527300e+02	0.0000000000e+00
7.9255438200e+02	1.5680147930e-04
7.9470343000e+02	3.8828069577e-04
7.9685253900e+02	1.2854308141e-04
7.9900158700e+02	0.0000000000e+00
8.0115063500e+02	3.1633887896e-04
8.0329968300e+02	0.0000000000e+00
8.0544879200e+02	0.0000000000e+00
8.0759783900e+02	0.0000000000e+00
8.0974694800e+02	0.0000000000e+00
8.1189599600e+02	5.2728468117e-04
8.1404504400e+02	3.1590629920e-05
8.1619409200e+02	1.8834002084e-05
8.1834320100e+02	2.4727427216e-04
8.2049224900e+02	1.1596087981e-04
8.2264135700e+02	1.0674977741e-04
8.2479040500e+02	1.2135303070e-04
8.2693945300e+02	0.0000000000e+00
8.2908850100e+02	1.2380390134e-05
8.3123761000e+02	3.1438481559e-05
8.3338665800e+02	9.1419917861e-05
8.3553576700e+02	3.5966307640e-05
8.3768481400e+02	6.3640786720e-05
8.3983386200e+02	1.2330972826e-04
8.4198291000e+02	0.0000000000e+00
8.4413201900e+02	0.0000000000e+00
8.4628106700e+02	3.9899412453e-05
8.4843017600e+02	1.9598752076e-05
