# Filename: guide/20241113streak_WT_target_DA_FRL_PSI2.ascii
 
Time explicit
Intervalnr 1
11.0931988
6.2937426800e+02	0.0000000000e+00
6.3152331500e+02	0.0000000000e+00
6.3367242400e+02	0.0000000000e+00
6.3582147200e+02	0.0000000000e+00
6.3797052000e+02	0.0000000000e+00
6.4011962900e+02	0.0000000000e+00
6.4226867700e+02	0.0000000000e+00
6.4441772500e+02	0.0000000000e+00
6.4656683300e+02	0.0000000000e+00
6.4871588100e+02	0.0000000000e+00
6.5086492900e+02	0.0000000000e+00
6.5301403800e+02	0.0000000000e+00
6.5516308600e+02	0.0000000000e+00
6.5731213400e+02	0.0000000000e+00
6.5946124300e+02	0.0000000000e+00
6.6161029100e+02	0.0000000000e+00
6.6375933800e+02	0.0000000000e+00
6.6590844700e+02	0.0000000000e+00
6.6805749500e+02	0.0000000000e+00
6.7020654300e+02	0.0000000000e+00
6.7235565200e+02	0.0000000000e+00
6.7450470000e+02	0.0000000000e+00
6.7665374800e+02	0.0000000000e+00
6.7880285600e+02	0.0000000000e+00
6.8095190400e+02	0.0000000000e+00
6.8310095200e+02	0.0000000000e+00
6.8525006100e+02	0.0000000000e+00
6.8739910900e+02	0.0000000000e+00
6.8954815700e+02	0.0000000000e+00
6.9169726600e+02	2.9325986743e+01
6.9384631300e+02	2.7911136619e+01
6.9599536100e+02	2.7141797289e+01
6.9814447000e+02	2.6021559658e+01
7.0029351800e+02	3.2535342131e+01
7.0244256600e+02	3.9022784265e+01
7.0459167500e+02	5.8718018279e+01
7.0674072300e+02	7.8660582793e+01
7.0888977100e+02	1.0637071949e+02
7.1103881800e+02	1.3885404705e+02
7.1318792700e+02	1.7337697565e+02
7.1533697500e+02	2.0596538617e+02
7.1748608400e+02	2.2747446691e+02
7.1963513200e+02	2.4099313300e+02
7.2178418000e+02	2.5337112634e+02
7.2393322800e+02	2.4610848878e+02
7.2608233600e+02	2.4017608688e+02
7.2823138400e+02	2.1662613744e+02
7.3038049300e+02	2.0016203439e+02
7.3252954100e+02	1.7830268973e+02
7.3467858900e+02	1.5890143266e+02
7.3682763700e+02	1.3644480981e+02
7.3897674600e+02	1.2328245051e+02
7.4112579300e+02	1.0651255888e+02
7.4327490200e+02	9.3444345650e+01
7.4542395000e+02	8.4358914765e+01
7.4757299800e+02	7.7987649060e+01
7.4972204600e+02	6.8020360279e+01
7.5187115500e+02	5.8997380871e+01
7.5402020300e+02	5.4101512753e+01
7.5616931200e+02	4.8358649840e+01
7.5831835900e+02	4.6611006635e+01
7.6046740700e+02	4.2469808849e+01
7.6261645500e+02	3.8493309046e+01
7.6476556400e+02	3.7359841832e+01
7.6691461200e+02	3.6509045021e+01
7.6906372100e+02	3.3941876033e+01
7.7121276900e+02	3.4691359510e+01
7.7336181600e+02	3.2965809530e+01
7.7551086400e+02	3.3699264460e+01
7.7765997300e+02	3.3872693258e+01
7.7980902100e+02	3.3105711545e+01
7.8195813000e+02	3.1484241332e+01
7.8410717800e+02	3.1904336083e+01
7.8625622600e+02	3.0750152698e+01
7.8840527300e+02	2.9185999641e+01
7.9055438200e+02	3.0655717310e+01
7.9270343000e+02	2.7787079137e+01
7.9485253900e+02	2.6618825389e+01
7.9700158700e+02	2.5940875699e+01
7.9915063500e+02	2.4169753185e+01
8.0129968300e+02	2.4480014330e+01
8.0344879200e+02	2.2419832506e+01
8.0559783900e+02	1.9346870818e+01
8.0774694800e+02	1.8955838097e+01
8.0989599600e+02	1.7412480333e+01
8.1204504400e+02	1.7198582007e+01
8.1419409200e+02	1.5446147283e+01
8.1634320100e+02	1.4111609372e+01
8.1849224900e+02	1.3324481898e+01
8.2064135700e+02	1.2287688473e+01
8.2279040500e+02	1.1488061754e+01
8.2493945300e+02	1.0435149051e+01
8.2708850100e+02	9.2980238772e+00
8.2923761000e+02	8.1527117076e+00
8.3138665800e+02	8.3070612282e+00
8.3353576700e+02	7.7524331642e+00
8.3568481400e+02	6.6601063359e+00
8.3783386200e+02	4.8227335622e+00
8.3998291000e+02	5.0612189199e+00
8.4213201900e+02	5.1911673672e+00
8.4428106700e+02	4.4816825258e+00
8.4643017600e+02	4.1740530351e+00
8.4857922400e+02	3.6723280345e+00
