# Filename: guide/20241130streak_WT_target_DA_glycerol_PSII1.ascii
 
Time explicit
Intervalnr 1
0.0
6.5309088100e+02	0.0000000000e+00
6.5404138200e+02	0.0000000000e+00
6.5499182100e+02	0.0000000000e+00
6.5594220000e+02	0.0000000000e+00
6.5689257800e+02	0.0000000000e+00
6.5784301800e+02	0.0000000000e+00
6.5879339600e+02	0.0000000000e+00
6.5974377400e+02	4.1814416539e-04
6.6069427500e+02	5.4267996526e-04
6.6164471400e+02	9.8271808736e-04
6.6259509300e+02	5.3410786237e-04
6.6354547100e+02	1.8622991989e-03
6.6449591100e+02	2.7702982039e-03
6.6544628900e+02	2.2974225576e-03
6.6639672900e+02	2.9706388428e-03
6.6734722900e+02	2.9462808179e-03
6.6829748500e+02	3.4477447614e-03
6.6924798600e+02	3.6455027324e-03
6.7019842500e+02	3.9089050715e-03
6.7114880400e+02	4.7372234729e-03
6.7209918200e+02	5.3129501947e-03
6.7304962200e+02	5.0194728781e-03
6.7400000000e+02	6.1850983789e-03
6.7495037800e+02	6.9692490911e-03
6.7590087900e+02	8.0555114935e-03
6.7685131800e+02	9.9011382868e-03
6.7780169700e+02	1.1052882446e-02
6.7875207500e+02	1.2014196462e-02
6.7970251500e+02	1.4229792725e-02
6.8065289300e+02	1.4385976244e-02
6.8160327100e+02	1.6448062285e-02
6.8255377200e+02	1.6808587496e-02
6.8350421100e+02	2.0398066825e-02
6.8445459000e+02	1.8728042971e-02
6.8540502900e+02	1.8500602221e-02
6.8635540800e+02	1.7150275226e-02
6.8730578600e+02	1.8843874951e-02
6.8825622600e+02	1.5804467074e-02
6.8920672600e+02	1.5014028552e-02
6.9015698200e+02	1.7689350026e-02
6.9110748300e+02	1.3888493669e-02
6.9205792200e+02	1.5705651991e-02
6.9300830100e+02	1.1398547748e-02
6.9395867900e+02	1.3888162347e-02
6.9490911900e+02	9.3560261401e-03
6.9585961900e+02	1.2433099258e-02
6.9680987500e+02	8.5562525285e-03
6.9776037600e+02	1.0993687972e-02
6.9871081500e+02	7.1248115860e-03
6.9966119400e+02	1.0504350886e-02
7.0061157200e+02	6.0023852890e-03
7.0156201200e+02	8.5684613226e-03
7.0251251200e+02	6.5959386875e-03
7.0346283000e+02	6.9217477554e-03
7.0441333000e+02	7.1136728669e-03
7.0536358600e+02	8.4460505815e-03
7.0631408700e+02	7.8407103089e-03
7.0726452600e+02	7.1147192166e-03
7.0821490500e+02	6.6074607424e-03
7.0916528300e+02	7.1308118388e-03
7.1011572300e+02	6.3269607240e-03
7.1106622300e+02	6.9149565949e-03
7.1201647900e+02	7.5148285006e-03
7.1296698000e+02	6.0119390013e-03
7.1391741900e+02	7.9659118141e-03
7.1486779800e+02	5.7914340988e-03
7.1581817600e+02	7.2078422853e-03
7.1676861600e+02	4.5003619773e-03
7.1771911600e+02	6.2150860168e-03
7.1866937300e+02	7.5926863391e-03
7.1961987300e+02	4.1642805981e-03
7.2057031200e+02	7.5936877856e-03
7.2152069100e+02	5.4336865273e-03
7.2247113000e+02	3.4946598341e-03
7.2342150900e+02	7.3453547103e-03
7.2437188700e+02	3.2523582532e-03
7.2532232700e+02	6.3838058562e-03
7.2627282700e+02	2.6566226495e-03
7.2722308300e+02	6.7581431398e-03
7.2817358400e+02	1.9041465957e-03
7.2912402300e+02	7.1592502608e-03
7.3007440200e+02	2.5756702831e-03
7.3102478000e+02	6.9068950195e-03
7.3197522000e+02	5.0684081147e-03
7.3292572000e+02	2.2545179971e-03
7.3387597700e+02	5.4422846328e-03
7.3482647700e+02	2.2734000970e-03
7.3577691700e+02	4.1715144286e-03
7.3672729500e+02	2.2671407188e-03
7.3767767300e+02	5.6186894293e-03
7.3862811300e+02	2.1458859093e-03
7.3957861300e+02	5.8427272492e-03
7.4052887000e+02	2.5275360927e-03
7.4147937000e+02	3.4478274623e-03
7.4242981000e+02	4.8438160615e-03
7.4338018800e+02	2.6187283924e-03
7.4433062700e+02	4.1016817537e-03
7.4528100600e+02	3.0271829458e-03
7.4623138400e+02	3.6393429404e-03
7.4718182400e+02	3.7680370885e-03
7.4813232400e+02	3.0193049827e-03
7.4908270300e+02	3.6683723489e-03
7.5003308100e+02	3.0992796747e-03
7.5098352100e+02	3.1838116954e-03
7.5193389900e+02	3.2720722835e-03
7.5288427700e+02	3.2485861353e-03
7.5383471700e+02	3.0578559798e-03
7.5478521700e+02	3.3092758192e-03
7.5573547400e+02	2.8716667927e-03
7.5668597400e+02	3.1046805987e-03
7.5763641400e+02	2.7674036129e-03
7.5858679200e+02	2.7330616428e-03
7.5953717000e+02	2.7206050380e-03
7.6048761000e+02	2.1977694986e-03
7.6143798800e+02	2.1521321281e-03
7.6238842800e+02	2.2476889148e-03
7.6333892800e+02	2.2579943456e-03
7.6428930700e+02	1.9640134912e-03
7.6523968500e+02	2.1961255702e-03
7.6619012500e+02	1.7337229017e-03
7.6714050300e+02	1.8516993402e-03
7.6809088100e+02	1.6189896919e-03
7.6904132100e+02	1.9027158137e-03
7.6999182100e+02	1.6114899420e-03
7.7094220000e+02	1.6638618435e-03
7.7189257800e+02	8.9279894336e-04
7.7284301800e+02	1.5199701737e-03
7.7379339600e+02	1.1690438237e-03
7.7474377400e+02	7.4961097310e-04
7.7569421400e+02	1.4042553029e-03
7.7664471400e+02	9.0742617740e-04
7.7759509300e+02	1.2451233646e-03
7.7854547100e+02	9.4920440383e-04
7.7949591100e+02	8.8624671776e-04
