# Filename: guide/20240729PSend_77Kstreak_DG_target_DG_PB.ascii
 
Time explicit
Intervalnr 1
11.0931988
6.2937426800e+02	0.0000000000e+00
6.3152331500e+02	0.0000000000e+00
6.3367242400e+02	0.0000000000e+00
6.3582147200e+02	6.0434135521e+00
6.3797052000e+02	8.2935377930e+01
6.4011962900e+02	1.4023833526e+02
6.4226867700e+02	2.3252382536e+02
6.4441772500e+02	3.0885089289e+02
6.4656683300e+02	3.7815728596e+02
6.4871588100e+02	4.1823012305e+02
6.5086492900e+02	4.4076852483e+02
6.5301403800e+02	4.8439789737e+02
6.5516308600e+02	4.7284559837e+02
6.5731213400e+02	4.5082340467e+02
6.5946124300e+02	4.5434892815e+02
6.6161029100e+02	4.4107774955e+02
6.6375933800e+02	3.9085161249e+02
6.6590844700e+02	3.4099214918e+02
6.6805749500e+02	3.0420704745e+02
6.7020654300e+02	2.5894866410e+02
6.7235565200e+02	2.3571979084e+02
6.7450470000e+02	2.1857538277e+02
6.7665374800e+02	1.8440750964e+02
6.7880285600e+02	1.5659575663e+02
6.8095190400e+02	1.4197470750e+02
6.8310095200e+02	1.0900750600e+02
6.8525006100e+02	1.0523136904e+02
6.8739910900e+02	9.6807719851e+01
6.8954815700e+02	1.0497042290e+02
6.9169726600e+02	1.0499932387e+02
6.9384631300e+02	1.0510056718e+02
6.9599536100e+02	1.0208311729e+02
6.9814447000e+02	9.4437058536e+01
7.0029351800e+02	8.0092356934e+01
7.0244256600e+02	7.6693878431e+01
7.0459167500e+02	8.6228450956e+01
7.0674072300e+02	7.7009569045e+01
7.0888977100e+02	8.7492173955e+01
7.1103881800e+02	8.1492695608e+01
7.1318792700e+02	6.2513947569e+01
7.1533697500e+02	6.7650861669e+01
7.1748608400e+02	4.8916284826e+01
7.1963513200e+02	5.0191305341e+01
7.2178418000e+02	4.1635920735e+01
7.2393322800e+02	3.5017580427e+01
7.2608233600e+02	3.4146863999e+01
7.2823138400e+02	4.3370865226e+01
7.3038049300e+02	3.6713959894e+01
7.3252954100e+02	3.2577106078e+01
7.3467858900e+02	2.2278565938e+01
7.3682763700e+02	2.3819163333e+01
7.3897674600e+02	2.7667733310e+01
7.4112579300e+02	3.1922474008e+01
7.4327490200e+02	2.3952562431e+01
7.4542395000e+02	2.1027682697e+01
7.4757299800e+02	4.0791840852e+00
7.4972204600e+02	1.4852517721e+01
7.5187115500e+02	5.0863972260e+00
7.5402020300e+02	3.9851239846e+00
7.5616931200e+02	4.7090845139e+00
7.5831835900e+02	4.2913286704e+00
7.6046740700e+02	0.0000000000e+00
7.6261645500e+02	2.4045925931e+00
7.6476556400e+02	2.6624808037e+00
7.6691461200e+02	2.5741237809e+00
7.6906372100e+02	0.0000000000e+00
7.7121276900e+02	0.0000000000e+00
7.7336181600e+02	0.0000000000e+00
7.7551086400e+02	0.0000000000e+00
7.7765997300e+02	1.4639500422e+00
7.7980902100e+02	3.7767442847e+00
7.8195813000e+02	0.0000000000e+00
7.8410717800e+02	1.3803564725e+00
7.8625622600e+02	4.5639295201e+00
7.8840527300e+02	1.9190139589e+00
7.9055438200e+02	2.3500254967e+00
7.9270343000e+02	1.4695118661e+00
7.9485253900e+02	3.7469606294e+00
7.9700158700e+02	2.9937988231e+00
7.9915063500e+02	2.0971851461e+00
8.0129968300e+02	2.7587339353e+00
8.0344879200e+02	0.0000000000e+00
8.0559783900e+02	3.8993446519e+00
8.0774694800e+02	0.0000000000e+00
8.0989599600e+02	0.0000000000e+00
8.1204504400e+02	0.0000000000e+00
8.1419409200e+02	0.0000000000e+00
8.1634320100e+02	0.0000000000e+00
8.1849224900e+02	1.4532476081e+00
8.2064135700e+02	0.0000000000e+00
8.2279040500e+02	1.3023355929e+00
8.2493945300e+02	2.7109719584e+00
8.2708850100e+02	0.0000000000e+00
8.2923761000e+02	2.3979897605e+00
8.3138665800e+02	1.7812357041e+00
8.3353576700e+02	6.7347183394e-01
8.3568481400e+02	6.7806782600e-01
8.3783386200e+02	5.5158472477e-01
8.3998291000e+02	8.8030816459e-01
8.4213201900e+02	1.3626993069e+00
8.4428106700e+02	3.5443397007e-01
8.4643017600e+02	1.5934106073e+00
8.4857922400e+02	6.1095388045e-01
