20241127streak_WT_target_DA_FRL_PSII2int.ascii                                                                                                                                                          
                                                                                
 Time explicit
 Intervalnr            1
           1
   653.851318      0.138729528    
   656.132324      0.192001373    
   658.413330      0.245273218    
   660.694275      0.298543662    
   662.975220      0.351814061    
   665.256226      0.405085921    
   667.537170      0.458356351    
   669.818176      0.511628211    
   672.099182      0.564900041    
   674.380188      0.618171930    
   676.661194      0.671443760    
   678.942200      0.724715590    
   681.223083      0.777984619    
   683.504211      0.831259310    
   685.785217      0.884531140    
   688.066223      0.937803030    
   690.347107      0.991071999    
   692.628113               1
   694.909119      0.944608867    
   697.190125      0.889217794    
   699.471130      0.833826661    
   701.752075      0.778437078    
   704.033081      0.723045945    
   706.314087      0.667654872    
   708.595093      0.612263739    
   710.875977      0.556875587    
   713.156982      0.501484513    
   715.437988      0.446093410    
   717.719116      0.394522429    
   720.000000      0.376554310    
   722.281006      0.358585209    
   724.562012      0.340616107    
   726.843018      0.322647035    
   729.124023      0.304677933    
   731.405029      0.286708832    
   733.685974      0.268740207    
   735.966980      0.250771135    
   738.247986      0.232802033    
   740.528870      0.214833900    
   742.809875      0.196864814    
   745.090881      0.191903755    
   747.371887      0.190273747    
   749.652893      0.188643724    
   751.933899      0.187013716    
   754.214905      0.185383707    
   756.495911      0.183753684    
   758.776917      0.182123676    
   761.057922      0.180493668    
   763.338928      0.178863645    
   765.619873      0.177233681    
   767.900879      0.175603673    
   770.181824      0.173973694    
   772.462830      0.172343686    
   774.743774      0.170713723    
   777.024780      0.169083700    
