# Filename: guide/20241111PSI__streak_targetWT_PSII2.ascii
 
Time explicit
Intervalnr 1
11.0931988
6.2937426800e+02	0.0000000000e+00
6.3152331500e+02	0.0000000000e+00
6.3367242400e+02	0.0000000000e+00
6.3582147200e+02	0.0000000000e+00
6.3797052000e+02	0.0000000000e+00
6.4011962900e+02	0.0000000000e+00
6.4226867700e+02	0.0000000000e+00
6.4441772500e+02	0.0000000000e+00
6.4656683300e+02	0.0000000000e+00
6.4871588100e+02	0.0000000000e+00
6.5086492900e+02	0.0000000000e+00
6.5301403800e+02	0.0000000000e+00
6.5516308600e+02	0.0000000000e+00
6.5731213400e+02	0.0000000000e+00
6.5946124300e+02	0.0000000000e+00
6.6161029100e+02	0.0000000000e+00
6.6375933800e+02	0.0000000000e+00
6.6590844700e+02	0.0000000000e+00
6.6805749500e+02	0.0000000000e+00
6.7020654300e+02	7.1903319849e+00
6.7235565200e+02	1.2785512617e+01
6.7450470000e+02	1.5181150929e+01
6.7665374800e+02	1.4330744819e+01
6.7880285600e+02	1.7251676617e+01
6.8095190400e+02	1.4993583588e+01
6.8310095200e+02	2.5180217896e+01
6.8525006100e+02	3.0375741211e+01
6.8739910900e+02	3.4325239639e+01
6.8954815700e+02	3.9149952174e+01
6.9169726600e+02	4.0737616166e+01
6.9384631300e+02	3.7005292606e+01
6.9599536100e+02	3.5086012175e+01
6.9814447000e+02	2.4363990914e+01
7.0029351800e+02	1.9437670656e+01
7.0244256600e+02	1.2694404105e+01
7.0459167500e+02	1.2398364851e+01
7.0674072300e+02	7.9861217296e+00
7.0888977100e+02	5.6302595915e+00
7.1103881800e+02	6.0188661106e+00
7.1318792700e+02	3.9409709788e+00
7.1533697500e+02	3.5321971320e+00
7.1748608400e+02	3.7267189888e+00
7.1963513200e+02	1.8993172468e+00
7.2178418000e+02	1.1805077753e+00
7.2393322800e+02	1.7236045016e-01
7.2608233600e+02	0.0000000000e+00
7.2823138400e+02	4.9254077196e-01
7.3038049300e+02	0.0000000000e+00
7.3252954100e+02	0.0000000000e+00
7.3467858900e+02	0.0000000000e+00
7.3682763700e+02	8.5552345246e-02
7.3897674600e+02	1.0196616445e+00
7.4112579300e+02	3.7768909591e+00
7.4327490200e+02	3.1020871555e+00
7.4542395000e+02	3.5420968309e+00
7.4757299800e+02	3.9631531393e+00
7.4972204600e+02	5.2571461829e+00
7.5187115500e+02	6.3905325199e+00
7.5402020300e+02	6.2159638113e+00
7.5616931200e+02	6.8515964063e+00
7.5831835900e+02	5.2377071248e+00
7.6046740700e+02	5.2775969324e+00
7.6261645500e+02	4.5386629292e+00
7.6476556400e+02	4.4863500010e+00
7.6691461200e+02	4.5463591362e+00
7.6906372100e+02	4.3011113575e+00
7.7121276900e+02	3.3347685416e+00
7.7336181600e+02	2.6923954120e+00
7.7551086400e+02	2.4286721812e+00
7.7765997300e+02	2.1234249615e+00
7.7980902100e+02	1.9305409988e+00
7.8195813000e+02	1.6980812434e+00
7.8410717800e+02	1.0521825016e+00
7.8625622600e+02	2.7666120312e-01
7.8840527300e+02	1.0463798339e+00
7.9055438200e+02	0.0000000000e+00
7.9270343000e+02	2.3077682639e-01
7.9485253900e+02	0.0000000000e+00
7.9700158700e+02	3.2306064277e-01
7.9915063500e+02	0.0000000000e+00
8.0129968300e+02	0.0000000000e+00
8.0344879200e+02	0.0000000000e+00
8.0559783900e+02	0.0000000000e+00
8.0774694800e+02	0.0000000000e+00
8.0989599600e+02	0.0000000000e+00
8.1204504400e+02	0.0000000000e+00
8.1419409200e+02	0.0000000000e+00
8.1634320100e+02	2.0151298087e-01
8.1849224900e+02	1.1407624378e-01
8.2064135700e+02	0.0000000000e+00
8.2279040500e+02	1.1881449283e-01
8.2493945300e+02	4.0702365996e-02
8.2708850100e+02	0.0000000000e+00
8.2923761000e+02	0.0000000000e+00
8.3138665800e+02	0.0000000000e+00
8.3353576700e+02	0.0000000000e+00
8.3568481400e+02	0.0000000000e+00
8.3783386200e+02	0.0000000000e+00
8.3998291000e+02	0.0000000000e+00
8.4213201900e+02	0.0000000000e+00
8.4428106700e+02	0.0000000000e+00
8.4643017600e+02	0.0000000000e+00
8.4857922400e+02	0.0000000000e+00
