# Filename: guide/20240720PSend_77Kstreak_target_FRL610r2.ascii
 
Time explicit
Intervalnr 1
11.0931988
6.2937426800e+02	8.2780782253e+00
6.3152331500e+02	7.1593469268e+00
6.3367242400e+02	9.7497260282e+00
6.3582147200e+02	1.1251561006e+01
6.3797052000e+02	1.0945394597e+01
6.4011962900e+02	3.1401247892e+01
6.4226867700e+02	3.5790954723e+01
6.4441772500e+02	4.5004168780e+01
6.4656683300e+02	5.4678407118e+01
6.4871588100e+02	8.0009586826e+01
6.5086492900e+02	9.5917224206e+01
6.5301403800e+02	1.1892054875e+02
6.5516308600e+02	1.4513409728e+02
6.5731213400e+02	1.6550642682e+02
6.5946124300e+02	1.9740382946e+02
6.6161029100e+02	2.2715547778e+02
6.6375933800e+02	2.4871925847e+02
6.6590844700e+02	2.5712909070e+02
6.6805749500e+02	2.5975171916e+02
6.7020654300e+02	2.4233625786e+02
6.7235565200e+02	2.1516004462e+02
6.7450470000e+02	1.9816419100e+02
6.7665374800e+02	1.8205409420e+02
6.7880285600e+02	1.8899475327e+02
6.8095190400e+02	2.0420612488e+02
6.8310095200e+02	2.4822703502e+02
6.8525006100e+02	2.6456507840e+02
6.8739910900e+02	2.8069131051e+02
6.8954815700e+02	2.5970472801e+02
6.9169726600e+02	2.3791476970e+02
6.9384631300e+02	1.9615853633e+02
6.9599536100e+02	1.7451865264e+02
6.9814447000e+02	1.5477631617e+02
7.0029351800e+02	1.6157057392e+02
7.0244256600e+02	1.5012513215e+02
7.0459167500e+02	1.4973890668e+02
7.0674072300e+02	1.6625965447e+02
7.0888977100e+02	1.5861710881e+02
7.1103881800e+02	1.7487855350e+02
7.1318792700e+02	1.7955067176e+02
7.1533697500e+02	1.7699570271e+02
7.1748608400e+02	1.8279708248e+02
7.1963513200e+02	1.8241123499e+02
7.2178418000e+02	1.7612663625e+02
7.2393322800e+02	1.7061725385e+02
7.2608233600e+02	1.7399262110e+02
7.2823138400e+02	1.5897013007e+02
7.3038049300e+02	1.5474578327e+02
7.3252954100e+02	1.4973310255e+02
7.3467858900e+02	1.3744589786e+02
7.3682763700e+02	1.3264959298e+02
7.3897674600e+02	1.1949941349e+02
7.4112579300e+02	1.1615050739e+02
7.4327490200e+02	1.1029140747e+02
7.4542395000e+02	1.0811448819e+02
7.4757299800e+02	1.0164685808e+02
7.4972204600e+02	8.8516389072e+01
7.5187115500e+02	8.8156917767e+01
7.5402020300e+02	8.5093808564e+01
7.5616931200e+02	7.6541654018e+01
7.5831835900e+02	6.4653374646e+01
7.6046740700e+02	6.5646187715e+01
7.6261645500e+02	5.6761819341e+01
7.6476556400e+02	5.5041181407e+01
7.6691461200e+02	5.0573052061e+01
7.6906372100e+02	4.7018470614e+01
7.7121276900e+02	4.4845983582e+01
7.7336181600e+02	4.1501877899e+01
7.7551086400e+02	3.9404713721e+01
7.7765997300e+02	3.5396279861e+01
7.7980902100e+02	3.6438854125e+01
7.8195813000e+02	3.0952440898e+01
7.8410717800e+02	3.0114039448e+01
7.8625622600e+02	2.5922941829e+01
7.8840527300e+02	2.6950125552e+01
7.9055438200e+02	2.4860787991e+01
7.9270343000e+02	2.2268729858e+01
7.9485253900e+02	2.3388615536e+01
7.9700158700e+02	2.1469154929e+01
7.9915063500e+02	2.2482303693e+01
8.0129968300e+02	2.0860454063e+01
8.0344879200e+02	2.0127519177e+01
8.0559783900e+02	1.3090260295e+01
8.0774694800e+02	1.8038294001e+01
8.0989599600e+02	1.7088749991e+01
8.1204504400e+02	1.6558304962e+01
8.1419409200e+02	1.3729658026e+01
8.1634320100e+02	1.2796176725e+01
8.1849224900e+02	1.2847507071e+01
8.2064135700e+02	1.2691177018e+01
8.2279040500e+02	1.2845958007e+01
8.2493945300e+02	1.0406956464e+01
8.2708850100e+02	1.0999411204e+01
8.2923761000e+02	9.8255773599e+00
8.3138665800e+02	1.0323057819e+01
8.3353576700e+02	9.1339702320e+00
8.3568481400e+02	9.6147133387e+00
8.3783386200e+02	8.6901115245e+00
8.3998291000e+02	9.0829512476e+00
8.4213201900e+02	5.7028896913e+00
8.4428106700e+02	6.2497218964e+00
8.4643017600e+02	6.3855125993e+00
8.4857922400e+02	5.6804401917e+00
