# Filename: guide/20241127streak_WT_target_DA_FRL_PSII2.ascii
 
Time explicit
Intervalnr 1
11.0931988
6.2937426800e+02	3.6300204272e-04
6.3152331500e+02	3.7463418808e-04
6.3367242400e+02	3.6866869220e-04
6.3582147200e+02	3.1223938394e-04
6.3797052000e+02	4.9677408969e-04
6.4011962900e+02	7.1268814348e-04
6.4226867700e+02	1.0882201182e-03
6.4441772500e+02	1.4042739909e-03
6.4656683300e+02	1.3872237568e-03
6.4871588100e+02	2.1778610970e-03
6.5086492900e+02	2.5212414400e-03
6.5301403800e+02	2.4175268571e-03
6.5516308600e+02	3.0530248890e-03
6.5731213400e+02	3.7759887444e-03
6.5946124300e+02	4.4969805558e-03
6.6161029100e+02	4.9036705551e-03
6.6375933800e+02	5.3529364209e-03
6.6590844700e+02	6.9653958655e-03
6.6805749500e+02	7.1724160728e-03
6.7020654300e+02	7.7383600607e-03
6.7235565200e+02	8.0729166102e-03
6.7450470000e+02	7.9570142546e-03
6.7665374800e+02	7.4944209282e-03
6.7880285600e+02	8.6518339767e-03
6.8095190400e+02	9.8967780518e-03
6.8310095200e+02	1.2754944795e-02
6.8525006100e+02	1.4487641548e-02
6.8739910900e+02	1.5854713450e-02
6.8954815700e+02	1.7252700270e-02
6.9169726600e+02	1.8987198469e-02
6.9384631300e+02	1.8010467323e-02
6.9599536100e+02	1.7072575405e-02
6.9814447000e+02	1.4672376368e-02
7.0029351800e+02	1.1864295127e-02
7.0244256600e+02	9.3413090646e-03
7.0459167500e+02	8.6735922259e-03
7.0674072300e+02	7.6408006279e-03
7.0888977100e+02	6.8302405578e-03
7.1103881800e+02	7.1636356190e-03
7.1318792700e+02	6.5912926310e-03
7.1533697500e+02	5.9986191107e-03
7.1748608400e+02	5.7592140760e-03
7.1963513200e+02	4.7993034025e-03
7.2178418000e+02	3.6220251185e-03
7.2393322800e+02	3.3246748597e-03
7.2608233600e+02	2.7304059002e-03
7.2823138400e+02	2.3106925221e-03
7.3038049300e+02	2.2559927527e-03
7.3252954100e+02	1.6240456089e-03
7.3467858900e+02	1.6231921256e-03
7.3682763700e+02	2.2597652584e-03
7.3897674600e+02	2.0076253255e-03
7.4112579300e+02	2.7821670622e-03
7.4327490200e+02	2.8633470003e-03
7.4542395000e+02	2.7308479328e-03
7.4757299800e+02	3.1519094316e-03
7.4972204600e+02	3.4759367911e-03
7.5187115500e+02	3.4810807354e-03
7.5402020300e+02	3.6444579610e-03
7.5616931200e+02	3.6269449491e-03
7.5831835900e+02	3.3166841555e-03
7.6046740700e+02	3.0367256200e-03
7.6261645500e+02	2.9202865261e-03
7.6476556400e+02	2.6260419672e-03
7.6691461200e+02	2.3086570752e-03
7.6906372100e+02	2.4720399974e-03
7.7121276900e+02	1.8566793419e-03
7.7336181600e+02	1.6838929134e-03
7.7551086400e+02	1.9716216655e-03
7.7765997300e+02	1.4884428086e-03
7.7980902100e+02	1.5494945006e-03
7.8195813000e+02	1.2103261652e-03
7.8410717800e+02	1.1424722583e-03
7.8625622600e+02	8.4113421758e-04
7.8840527300e+02	1.0174970209e-03
7.9055438200e+02	4.2219481468e-04
7.9270343000e+02	6.3427113579e-04
7.9485253900e+02	5.7062545778e-04
7.9700158700e+02	5.5528338389e-04
7.9915063500e+02	3.9831561383e-04
8.0129968300e+02	3.6125076823e-04
8.0344879200e+02	3.2007824362e-04
8.0559783900e+02	3.5682222558e-04
8.0774694800e+02	4.2146109478e-04
8.0989599600e+02	3.3858668364e-04
8.1204504400e+02	3.9181831986e-04
8.1419409200e+02	1.0249014533e-04
8.1634320100e+02	1.6228699771e-04
8.1849224900e+02	1.5103888367e-04
8.2064135700e+02	1.7031476681e-04
8.2279040500e+02	2.1891748738e-04
8.2493945300e+02	1.7960675125e-04
8.2708850100e+02	1.7130769895e-04
8.2923761000e+02	1.2002221230e-04
8.3138665800e+02	2.2659171598e-04
8.3353576700e+02	1.9412983514e-04
8.3568481400e+02	2.0794243927e-04
8.3783386200e+02	2.0799815792e-04
8.3998291000e+02	1.7946586269e-04
8.4213201900e+02	1.6412205054e-04
8.4428106700e+02	2.5986799866e-04
8.4643017600e+02	1.1626326323e-04
8.4857922400e+02	1.6060953426e-04
