# Filename: guide/20240730DG_WT_PBS_77Kstreak_target_PC650b.ascii
 
Time explicit
Intervalnr 1
19.4186287
5.9025006100e+02	0.0000000000e+00
5.9239910900e+02	0.0000000000e+00
5.9454815700e+02	0.0000000000e+00
5.9669726600e+02	0.0000000000e+00
5.9884631300e+02	5.3573152321e-01
6.0099536100e+02	7.3498575008e-01
6.0314447000e+02	0.0000000000e+00
6.0529351800e+02	0.0000000000e+00
6.0744256600e+02	0.0000000000e+00
6.0959167500e+02	0.0000000000e+00
6.1174072300e+02	0.0000000000e+00
6.1388977100e+02	0.0000000000e+00
6.1603881800e+02	0.0000000000e+00
6.1818792700e+02	0.0000000000e+00
6.2033697500e+02	0.0000000000e+00
6.2248608400e+02	0.0000000000e+00
6.2463513200e+02	3.8758900606e+00
6.2678418000e+02	4.6618898471e+00
6.2893322800e+02	1.1342498870e+01
6.3108233600e+02	1.3608456108e+01
6.3323138400e+02	1.9185662190e+01
6.3538049300e+02	3.1460164900e+01
6.3752954100e+02	3.9658029248e+01
6.3967858900e+02	5.4928030404e+01
6.4182763700e+02	8.2501435012e+01
6.4397674600e+02	1.0117134328e+02
6.4612579300e+02	1.0778743934e+02
6.4827490200e+02	1.3190449888e+02
6.5042395000e+02	1.3768207369e+02
6.5257299800e+02	1.3212186382e+02
6.5472204600e+02	1.1982957700e+02
6.5687115500e+02	1.2526195832e+02
6.5902020300e+02	1.0488452097e+02
6.6116931200e+02	7.3764979917e+01
6.6331835900e+02	4.9826705069e+01
6.6546740700e+02	5.5365989517e+01
6.6761645500e+02	2.4384893204e+01
6.6976556400e+02	2.3285900982e+01
6.7191461200e+02	3.4577672755e+01
6.7406372100e+02	2.2845900535e+01
6.7621276900e+02	8.9209477631e+00
6.7836181600e+02	3.6445647598e+00
6.8051086400e+02	0.0000000000e+00
6.8265997300e+02	6.4406333879e+00
6.8480902100e+02	1.8415157692e+00
6.8695813000e+02	0.0000000000e+00
6.8910717800e+02	1.5379879659e+00
6.9125622600e+02	2.6190366444e+01
6.9340527300e+02	2.1220394798e-01
6.9555438200e+02	1.7016047909e+01
6.9770343000e+02	0.0000000000e+00
6.9985253900e+02	5.5294534068e+00
7.0200158700e+02	7.7331804246e+00
7.0415063500e+02	1.2442691814e+01
7.0629968300e+02	4.6696786360e+00
7.0844879200e+02	0.0000000000e+00
7.1059783900e+02	2.2427892447e+00
7.1274694800e+02	0.0000000000e+00
7.1489599600e+02	2.0775006378e+00
7.1704504400e+02	0.0000000000e+00
7.1919409200e+02	0.0000000000e+00
7.2134320100e+02	0.0000000000e+00
7.2349224900e+02	0.0000000000e+00
7.2564135700e+02	4.7147459239e+00
7.2779040500e+02	0.0000000000e+00
7.2993945300e+02	4.3083291855e+00
7.3208850100e+02	0.0000000000e+00
7.3423761000e+02	0.0000000000e+00
7.3638665800e+02	0.0000000000e+00
7.3853576700e+02	0.0000000000e+00
7.4068481400e+02	0.0000000000e+00
7.4283386200e+02	0.0000000000e+00
7.4498291000e+02	0.0000000000e+00
7.4713201900e+02	0.0000000000e+00
7.4928106700e+02	0.0000000000e+00
7.5143017600e+02	0.0000000000e+00
7.5357922400e+02	0.0000000000e+00
7.5572827100e+02	0.0000000000e+00
7.5787731900e+02	0.0000000000e+00
7.6002642800e+02	0.0000000000e+00
7.6217547600e+02	0.0000000000e+00
7.6432458500e+02	0.0000000000e+00
7.6647363300e+02	0.0000000000e+00
7.6862268100e+02	0.0000000000e+00
7.7077172900e+02	0.0000000000e+00
7.7292083700e+02	0.0000000000e+00
7.7506988500e+02	0.0000000000e+00
7.7721899400e+02	2.5084980260e-02
7.7936804200e+02	0.0000000000e+00
7.8151709000e+02	0.0000000000e+00
7.8366613800e+02	0.0000000000e+00
7.8581524700e+02	0.0000000000e+00
7.8796429400e+02	0.0000000000e+00
7.9011340300e+02	0.0000000000e+00
7.9226245100e+02	3.0830922588e-01
7.9441149900e+02	1.0376414445e+00
7.9656054700e+02	0.0000000000e+00
7.9870965600e+02	0.0000000000e+00
8.0085870400e+02	6.3001294115e-01
8.0300781200e+02	0.0000000000e+00
8.0515686000e+02	0.0000000000e+00
8.0730590800e+02	0.0000000000e+00
8.0945495600e+02	0.0000000000e+00
8.1160406500e+02	1.1037252503e+00
8.1375311300e+02	0.0000000000e+00
8.1590222200e+02	0.0000000000e+00
8.1805127000e+02	1.5809741335e-01
8.2020031700e+02	0.0000000000e+00
8.2234936500e+02	0.0000000000e+00
8.2449847400e+02	0.0000000000e+00
8.2664752200e+02	0.0000000000e+00
8.2879663100e+02	0.0000000000e+00
8.3094567900e+02	0.0000000000e+00
8.3309472700e+02	0.0000000000e+00
8.3524377400e+02	0.0000000000e+00
8.3739288300e+02	3.3868796536e-02
8.3954193100e+02	3.4308792504e-01
8.4169104000e+02	0.0000000000e+00
8.4384008800e+02	0.0000000000e+00
8.4598913600e+02	0.0000000000e+00
8.4813818400e+02	0.0000000000e+00
