# Filename: guide/20241130streak_WT_target_DA_glycerol_APC660b.ascii
 
Time explicit
Intervalnr 1
0.0
6.5309088100e+02	8.1178679546e-03
6.5404138200e+02	9.2965703832e-03
6.5499182100e+02	1.0120418788e-02
6.5594220000e+02	1.1316644265e-02
6.5689257800e+02	1.0847590725e-02
6.5784301800e+02	1.2563724171e-02
6.5879339600e+02	1.2718740352e-02
6.5974377400e+02	1.5067283730e-02
6.6069427500e+02	1.4651076698e-02
6.6164471400e+02	1.5327080516e-02
6.6259509300e+02	1.5853716078e-02
6.6354547100e+02	1.4691334066e-02
6.6449591100e+02	1.4209358089e-02
6.6544628900e+02	1.1919502532e-02
6.6639672900e+02	1.3356104331e-02
6.6734722900e+02	1.3099487779e-02
6.6829748500e+02	8.7685586446e-03
6.6924798600e+02	1.1221798460e-02
6.7019842500e+02	8.9298587047e-03
6.7114880400e+02	8.2747754190e-03
6.7209918200e+02	6.6725444123e-03
6.7304962200e+02	6.2691407614e-03
6.7400000000e+02	5.9751128845e-03
6.7495037800e+02	3.7352188326e-03
6.7590087900e+02	3.7607212005e-03
6.7685131800e+02	0.0000000000e+00
6.7780169700e+02	8.6496473392e-04
6.7875207500e+02	3.2025373180e-03
6.7970251500e+02	0.0000000000e+00
6.8065289300e+02	4.7021798542e-03
6.8160327100e+02	0.0000000000e+00
6.8255377200e+02	8.0227380449e-04
6.8350421100e+02	5.6520452617e-04
6.8445459000e+02	6.8858506908e-04
6.8540502900e+02	2.5588732394e-03
6.8635540800e+02	0.0000000000e+00
6.8730578600e+02	1.7723550853e-03
6.8825622600e+02	0.0000000000e+00
6.8920672600e+02	2.1831100179e-03
6.9015698200e+02	1.4728834883e-05
6.9110748300e+02	6.4440006179e-04
6.9205792200e+02	0.0000000000e+00
6.9300830100e+02	3.2457609257e-03
6.9395867900e+02	0.0000000000e+00
6.9490911900e+02	3.9912806564e-03
6.9585961900e+02	1.0558769325e-03
6.9680987500e+02	4.8612132512e-03
6.9776037600e+02	2.8207219577e-03
6.9871081500e+02	7.3594103987e-03
6.9966119400e+02	3.1716743581e-03
7.0061157200e+02	7.1878866169e-03
7.0156201200e+02	3.0324051683e-03
7.0251251200e+02	7.8906502814e-03
7.0346283000e+02	8.1834806403e-03
7.0441333000e+02	2.5670615864e-03
7.0536358600e+02	9.2440561443e-04
7.0631408700e+02	2.6751625138e-03
7.0726452600e+02	6.9630440424e-03
7.0821490500e+02	3.5041896167e-03
7.0916528300e+02	7.2636418900e-03
7.1011572300e+02	7.0957757363e-03
7.1106622300e+02	3.3889369404e-03
7.1201647900e+02	6.2081952163e-03
7.1296698000e+02	3.2243100958e-03
7.1391741900e+02	6.8905611974e-03
7.1486779800e+02	2.5308919986e-03
7.1581817600e+02	5.5505114463e-03
7.1676861600e+02	2.5693482875e-03
7.1771911600e+02	0.0000000000e+00
7.1866937300e+02	5.5679276640e-03
7.1961987300e+02	3.2658178000e-03
7.2057031200e+02	2.4732258681e-03
7.2152069100e+02	2.4266222835e-03
7.2247113000e+02	7.5949374365e-03
7.2342150900e+02	2.6877107360e-03
7.2437188700e+02	0.0000000000e+00
7.2532232700e+02	2.5171466971e-03
7.2627282700e+02	0.0000000000e+00
7.2722308300e+02	2.9047574830e-03
7.2817358400e+02	2.0572735210e-03
7.2912402300e+02	3.0317421293e-03
7.3007440200e+02	1.9866859896e-03
7.3102478000e+02	1.5144602797e-03
7.3197522000e+02	1.8441667268e-03
7.3292572000e+02	3.1879153956e-03
7.3387597700e+02	1.8354767593e-03
7.3482647700e+02	3.5701092623e-03
7.3577691700e+02	1.4533581464e-03
7.3672729500e+02	1.6765888297e-03
7.3767767300e+02	1.5701714766e-03
7.3862811300e+02	1.6864482210e-03
7.3957861300e+02	6.5154651480e-05
7.4052887000e+02	8.9066448450e-04
7.4147937000e+02	6.8437783379e-04
7.4242981000e+02	2.5706467083e-04
7.4338018800e+02	9.6702343966e-04
7.4433062700e+02	0.0000000000e+00
7.4528100600e+02	5.5081585261e-04
7.4623138400e+02	0.0000000000e+00
7.4718182400e+02	0.0000000000e+00
7.4813232400e+02	0.0000000000e+00
7.4908270300e+02	0.0000000000e+00
7.5003308100e+02	0.0000000000e+00
7.5098352100e+02	0.0000000000e+00
7.5193389900e+02	0.0000000000e+00
7.5288427700e+02	0.0000000000e+00
7.5383471700e+02	0.0000000000e+00
7.5478521700e+02	0.0000000000e+00
7.5573547400e+02	0.0000000000e+00
7.5668597400e+02	0.0000000000e+00
7.5763641400e+02	0.0000000000e+00
7.5858679200e+02	0.0000000000e+00
7.5953717000e+02	0.0000000000e+00
7.6048761000e+02	0.0000000000e+00
7.6143798800e+02	0.0000000000e+00
7.6238842800e+02	0.0000000000e+00
7.6333892800e+02	0.0000000000e+00
7.6428930700e+02	0.0000000000e+00
7.6523968500e+02	0.0000000000e+00
7.6619012500e+02	0.0000000000e+00
7.6714050300e+02	0.0000000000e+00
7.6809088100e+02	0.0000000000e+00
7.6904132100e+02	0.0000000000e+00
7.6999182100e+02	0.0000000000e+00
7.7094220000e+02	0.0000000000e+00
7.7189257800e+02	0.0000000000e+00
7.7284301800e+02	0.0000000000e+00
7.7379339600e+02	0.0000000000e+00
7.7474377400e+02	0.0000000000e+00
7.7569421400e+02	0.0000000000e+00
7.7664471400e+02	0.0000000000e+00
7.7759509300e+02	0.0000000000e+00
7.7854547100e+02	0.0000000000e+00
7.7949591100e+02	0.0000000000e+00
