# Filename: guide/20241127streak_DG_target_DA_FRL_PSI1.ascii
 
Time explicit
Intervalnr 1
11.0931988
6.2922522000e+02	0.0000000000e+00
6.3137426800e+02	0.0000000000e+00
6.3352331500e+02	0.0000000000e+00
6.3567242400e+02	0.0000000000e+00
6.3782147200e+02	0.0000000000e+00
6.3997052000e+02	0.0000000000e+00
6.4211962900e+02	0.0000000000e+00
6.4426867700e+02	0.0000000000e+00
6.4641772500e+02	0.0000000000e+00
6.4856683300e+02	0.0000000000e+00
6.5071588100e+02	0.0000000000e+00
6.5286492900e+02	0.0000000000e+00
6.5501403800e+02	0.0000000000e+00
6.5716308600e+02	0.0000000000e+00
6.5931213400e+02	0.0000000000e+00
6.6146124300e+02	0.0000000000e+00
6.6361029100e+02	0.0000000000e+00
6.6575933800e+02	0.0000000000e+00
6.6790844700e+02	7.0681554492e-04
6.7005749500e+02	5.6323462816e-04
6.7220654300e+02	2.7945613176e-04
6.7435565200e+02	2.6251450872e-04
6.7650470000e+02	6.4115093263e-04
6.7865374800e+02	1.0127212465e-03
6.8080285600e+02	2.0795696207e-03
6.8295190400e+02	2.7547018240e-03
6.8510095200e+02	3.6353521126e-03
6.8725006100e+02	3.8635772583e-03
6.8939910900e+02	4.0352490586e-03
6.9154815700e+02	3.6945492976e-03
6.9369726600e+02	4.3631670491e-03
6.9584631300e+02	4.4293717028e-03
6.9799536100e+02	5.2806312429e-03
7.0014447000e+02	4.8689429742e-03
7.0229351800e+02	5.6465612460e-03
7.0444256600e+02	6.5804826230e-03
7.0659167500e+02	8.1110109510e-03
7.0874072300e+02	9.5416158854e-03
7.1088977100e+02	1.0958845961e-02
7.1303881800e+02	1.2213408900e-02
7.1518792700e+02	1.3246155338e-02
7.1733697500e+02	1.3117835355e-02
7.1948608400e+02	1.3497613866e-02
7.2163513200e+02	1.3077887533e-02
7.2378418000e+02	1.2189147878e-02
7.2593322800e+02	1.1381273166e-02
7.2808233600e+02	1.0186199724e-02
7.3023138400e+02	9.1755887760e-03
7.3238049300e+02	8.2390310141e-03
7.3452954100e+02	6.9006856677e-03
7.3667858900e+02	6.3614378313e-03
7.3882763700e+02	5.3927907710e-03
7.4097674600e+02	4.9225246650e-03
7.4312579300e+02	3.7659192158e-03
7.4527490200e+02	3.8048971417e-03
7.4742395000e+02	3.0684138027e-03
7.4957299800e+02	2.8976092890e-03
7.5172204600e+02	2.3725422076e-03
7.5387115500e+02	2.1041855095e-03
7.5602020300e+02	2.0990222811e-03
7.5816931200e+02	1.8692746780e-03
7.6031835900e+02	1.8118094864e-03
7.6246740700e+02	1.6085467231e-03
7.6461645500e+02	1.6007631601e-03
7.6676556400e+02	1.4800103886e-03
7.6891461200e+02	1.5954784583e-03
7.7106372100e+02	1.3960284016e-03
7.7321276900e+02	1.3947832277e-03
7.7536181600e+02	1.3027421977e-03
7.7751086400e+02	1.3104536276e-03
7.7965997300e+02	1.2503587723e-03
7.8180902100e+02	1.2479031855e-03
7.8395813000e+02	1.1054628923e-03
7.8610717800e+02	1.1025816912e-03
7.8825622600e+02	1.0971155796e-03
7.9040527300e+02	1.1050556910e-03
7.9255438200e+02	9.0560222160e-04
7.9470343000e+02	8.3934274060e-04
7.9685253900e+02	8.3134826982e-04
7.9900158700e+02	8.5292272042e-04
8.0115063500e+02	7.9801022712e-04
8.0329968300e+02	6.6185137154e-04
8.0544879200e+02	5.4170503544e-04
8.0759783900e+02	5.1609355341e-04
8.0974694800e+02	5.2123153359e-04
8.1189599600e+02	0.0000000000e+00
8.1404504400e+02	0.0000000000e+00
8.1619409200e+02	0.0000000000e+00
8.1834320100e+02	0.0000000000e+00
8.2049224900e+02	0.0000000000e+00
8.2264135700e+02	0.0000000000e+00
8.2479040500e+02	0.0000000000e+00
8.2693945300e+02	0.0000000000e+00
8.2908850100e+02	0.0000000000e+00
8.3123761000e+02	0.0000000000e+00
8.3338665800e+02	0.0000000000e+00
8.3553576700e+02	0.0000000000e+00
8.3768481400e+02	0.0000000000e+00
8.3983386200e+02	0.0000000000e+00
8.4198291000e+02	0.0000000000e+00
8.4413201900e+02	0.0000000000e+00
8.4628106700e+02	0.0000000000e+00
8.4843017600e+02	0.0000000000e+00
