# Filename: guide/20241130streak_WT_target_DA_glycerol_PSII2.ascii
 
Time explicit
Intervalnr 1
0.0
6.5309088100e+02	0.0000000000e+00
6.5404138200e+02	0.0000000000e+00
6.5499182100e+02	0.0000000000e+00
6.5594220000e+02	0.0000000000e+00
6.5689257800e+02	0.0000000000e+00
6.5784301800e+02	0.0000000000e+00
6.5879339600e+02	0.0000000000e+00
6.5974377400e+02	0.0000000000e+00
6.6069427500e+02	0.0000000000e+00
6.6164471400e+02	1.1503235543e-04
6.6259509300e+02	0.0000000000e+00
6.6354547100e+02	6.9506998425e-04
6.6449591100e+02	0.0000000000e+00
6.6544628900e+02	2.1984949700e-03
6.6639672900e+02	2.2719194973e-04
6.6734722900e+02	2.1626295842e-04
6.6829748500e+02	2.6213532373e-03
6.6924798600e+02	9.9295880506e-04
6.7019842500e+02	2.3877663427e-03
6.7114880400e+02	2.5618991011e-03
6.7209918200e+02	4.3930507386e-03
6.7304962200e+02	4.1361231360e-03
6.7400000000e+02	4.4371339860e-03
6.7495037800e+02	6.7764637377e-03
6.7590087900e+02	7.2196761279e-03
6.7685131800e+02	9.1989738457e-03
6.7780169700e+02	1.0794488398e-02
6.7875207500e+02	1.1053208103e-02
6.7970251500e+02	1.4072065854e-02
6.8065289300e+02	1.2963628032e-02
6.8160327100e+02	1.6255027498e-02
6.8255377200e+02	1.8164491283e-02
6.8350421100e+02	1.5891175184e-02
6.8445459000e+02	1.9603133958e-02
6.8540502900e+02	1.7749100473e-02
6.8635540800e+02	2.0527559163e-02
6.8730578600e+02	1.7431286948e-02
6.8825622600e+02	1.9562323334e-02
6.8920672600e+02	1.7532423019e-02
6.9015698200e+02	1.5180835665e-02
6.9110748300e+02	1.6840689857e-02
6.9205792200e+02	1.4924520059e-02
6.9300830100e+02	1.5172328801e-02
6.9395867900e+02	1.3416178057e-02
6.9490911900e+02	1.3135878661e-02
6.9585961900e+02	1.2392659897e-02
6.9680987500e+02	1.0981998011e-02
6.9776037600e+02	1.0672547370e-02
6.9871081500e+02	8.8320741001e-03
6.9966119400e+02	8.2836246789e-03
7.0061157200e+02	9.9448559318e-03
7.0156201200e+02	6.3673470820e-03
7.0251251200e+02	8.5730119654e-03
7.0346283000e+02	7.5184026373e-03
7.0441333000e+02	7.6894615836e-03
7.0536358600e+02	4.6428610664e-03
7.0631408700e+02	7.2306657112e-03
7.0726452600e+02	7.3464778770e-03
7.0821490500e+02	5.7442004834e-03
7.0916528300e+02	7.1970334337e-03
7.1011572300e+02	6.7391520910e-03
7.1106622300e+02	7.1929479018e-03
7.1201647900e+02	1.1757534998e-02
7.1296698000e+02	7.2920891430e-03
7.1391741900e+02	1.3287271816e-02
7.1486779800e+02	7.0213197288e-03
7.1581817600e+02	1.2427668408e-02
7.1676861600e+02	1.1008760679e-02
7.1771911600e+02	7.3169030768e-03
7.1866937300e+02	1.6247680173e-02
7.1961987300e+02	7.4254450312e-03
7.2057031200e+02	1.6473125776e-02
7.2152069100e+02	7.1846550501e-03
7.2247113000e+02	1.1670129607e-02
7.2342150900e+02	1.5761188807e-02
7.2437188700e+02	7.6380418548e-03
7.2532232700e+02	1.4354683620e-02
7.2627282700e+02	6.9687256022e-03
7.2722308300e+02	1.4903529523e-02
7.2817358400e+02	6.6750599037e-03
7.2912402300e+02	1.3367958727e-02
7.3007440200e+02	6.1426504932e-03
7.3102478000e+02	1.2861139467e-02
7.3197522000e+02	8.2985811681e-03
7.3292572000e+02	5.8480064740e-03
7.3387597700e+02	1.2305312607e-02
7.3482647700e+02	5.2461890628e-03
7.3577691700e+02	9.0768646176e-03
7.3672729500e+02	4.9852739322e-03
7.3767767300e+02	1.1146856347e-02
7.3862811300e+02	5.0858119464e-03
7.3957861300e+02	8.0897396444e-03
7.4052887000e+02	6.0257952199e-03
7.4147937000e+02	4.9196066345e-03
7.4242981000e+02	6.0626474254e-03
7.4338018800e+02	4.6235489498e-03
7.4433062700e+02	4.2557110239e-03
7.4528100600e+02	4.6382939964e-03
7.4623138400e+02	4.1431563012e-03
7.4718182400e+02	4.8624330089e-03
7.4813232400e+02	4.0089203711e-03
7.4908270300e+02	3.7049921696e-03
7.5003308100e+02	4.7953246927e-03
7.5098352100e+02	4.3947357866e-03
7.5193389900e+02	4.9605980195e-03
7.5288427700e+02	5.6411629222e-03
7.5383471700e+02	4.9499846600e-03
7.5478521700e+02	5.3172743991e-03
7.5573547400e+02	5.2806939526e-03
7.5668597400e+02	5.5763732954e-03
7.5763641400e+02	5.0887133375e-03
7.5858679200e+02	4.4847306692e-03
7.5953717000e+02	4.3287733929e-03
7.6048761000e+02	4.4837482735e-03
7.6143798800e+02	5.0144613677e-03
7.6238842800e+02	4.5161043312e-03
7.6333892800e+02	5.1741749332e-03
7.6428930700e+02	5.1135447708e-03
7.6523968500e+02	4.2470936820e-03
7.6619012500e+02	5.0338818373e-03
7.6714050300e+02	4.0728020110e-03
7.6809088100e+02	5.2372784001e-03
7.6904132100e+02	3.9205431312e-03
7.6999182100e+02	3.8626367049e-03
7.7094220000e+02	3.5046661078e-03
7.7189257800e+02	4.8993008718e-03
7.7284301800e+02	4.9435741862e-03
7.7379339600e+02	3.3705033623e-03
7.7474377400e+02	4.4046092421e-03
7.7569421400e+02	3.1100436209e-03
7.7664471400e+02	4.1114347137e-03
7.7759509300e+02	2.9543186858e-03
7.7854547100e+02	3.4381289957e-03
7.7949591100e+02	2.9811388343e-03
