# Filename: guide/20240729PSend_77Kstreak_target_FRL610r2.ascii
 
Time explicit
Intervalnr 1
11.0931988
6.2922522000e+02	5.9603148538e+01
6.3137426800e+02	6.1914182642e+01
6.3352331500e+02	6.7898609475e+01
6.3567242400e+02	8.4593890916e+01
6.3782147200e+02	1.1921591219e+02
6.3997052000e+02	1.7082322590e+02
6.4211962900e+02	2.4794578647e+02
6.4426867700e+02	3.4097146352e+02
6.4641772500e+02	4.8482609301e+02
6.4856683300e+02	5.4551289046e+02
6.5071588100e+02	6.5334478696e+02
6.5286492900e+02	7.1809567010e+02
6.5501403800e+02	7.7467809425e+02
6.5716308600e+02	8.7744305571e+02
6.5931213400e+02	1.0116004283e+03
6.6146124300e+02	1.1731363243e+03
6.6361029100e+02	1.3189167755e+03
6.6575933800e+02	1.4470261584e+03
6.6790844700e+02	1.3714196593e+03
6.7005749500e+02	1.3534899390e+03
6.7220654300e+02	1.1260949369e+03
6.7435565200e+02	1.0146391324e+03
6.7650470000e+02	9.5813093178e+02
6.7865374800e+02	9.3402926523e+02
6.8080285600e+02	1.0399572972e+03
6.8295190400e+02	1.1822177562e+03
6.8510095200e+02	1.2868337407e+03
6.8725006100e+02	1.2793727031e+03
6.8939910900e+02	1.1920011497e+03
6.9154815700e+02	1.0612880422e+03
6.9369726600e+02	9.5854977035e+02
6.9584631300e+02	8.1155918237e+02
6.9799536100e+02	6.7288690994e+02
7.0014447000e+02	6.5363380391e+02
7.0229351800e+02	6.4351945159e+02
7.0444256600e+02	6.4083370148e+02
7.0659167500e+02	6.1932553376e+02
7.0874072300e+02	6.5888863925e+02
7.1088977100e+02	6.6133515149e+02
7.1303881800e+02	7.5772057560e+02
7.1518792700e+02	7.7261542106e+02
7.1733697500e+02	7.7192450549e+02
7.1948608400e+02	7.7495077915e+02
7.2163513200e+02	8.0864153582e+02
7.2378418000e+02	7.9795935966e+02
7.2593322800e+02	7.2942187058e+02
7.2808233600e+02	6.7013594784e+02
7.3023138400e+02	6.4768979162e+02
7.3238049300e+02	5.9021733541e+02
7.3452954100e+02	6.1093323545e+02
7.3667858900e+02	5.3639780865e+02
7.3882763700e+02	5.1356976547e+02
7.4097674600e+02	4.8740522136e+02
7.4312579300e+02	4.6186567734e+02
7.4527490200e+02	4.3384008682e+02
7.4742395000e+02	4.1947889578e+02
7.4957299800e+02	4.0716342687e+02
7.5172204600e+02	3.8486523249e+02
7.5387115500e+02	3.4283778885e+02
7.5602020300e+02	3.1806401217e+02
7.5816931200e+02	2.8937813394e+02
7.6031835900e+02	2.7705122323e+02
7.6246740700e+02	2.4758071123e+02
7.6461645500e+02	2.2557371583e+02
7.6676556400e+02	2.0337088788e+02
7.6891461200e+02	2.1263718332e+02
7.7106372100e+02	1.9902102890e+02
7.7321276900e+02	1.7920449890e+02
7.7536181600e+02	1.8421835752e+02
7.7751086400e+02	1.5257117572e+02
7.7965997300e+02	1.4351107673e+02
7.8180902100e+02	1.6667504522e+02
7.8395813000e+02	1.3196880752e+02
7.8610717800e+02	1.1396091770e+02
7.8825622600e+02	1.2410037424e+02
7.9040527300e+02	1.1873566241e+02
7.9255438200e+02	1.1159168681e+02
7.9470343000e+02	8.6451409296e+01
7.9685253900e+02	9.1685126714e+01
7.9900158700e+02	9.2515130881e+01
8.0115063500e+02	8.6461611215e+01
8.0329968300e+02	8.6163474674e+01
8.0544879200e+02	7.5701080433e+01
8.0759783900e+02	7.9341083305e+01
8.0974694800e+02	7.5929001590e+01
8.1189599600e+02	7.2274233653e+01
8.1404504400e+02	6.9317394949e+01
8.1619409200e+02	6.1897914023e+01
8.1834320100e+02	5.8528405934e+01
8.2049224900e+02	5.0414668882e+01
8.2264135700e+02	4.4234133519e+01
8.2479040500e+02	4.9910670311e+01
8.2693945300e+02	5.1341489475e+01
8.2908850100e+02	3.4031881121e+01
8.3123761000e+02	4.3789142203e+01
8.3338665800e+02	4.2090357887e+01
8.3553576700e+02	3.1257816581e+01
8.3768481400e+02	3.6295892012e+01
8.3983386200e+02	3.1694099486e+01
8.4198291000e+02	2.7880677420e+01
8.4413201900e+02	3.3038384175e+01
8.4628106700e+02	2.8131777794e+01
8.4843017600e+02	2.4067922857e+01
