# Filename: guide/20241120megacomplex77K_PSII1_fitted.ascii
 
Time explicit
Intervalnr 1
2.37309027
6.3053588900e+02	-2.8421709430e-14
6.3126513700e+02	7.1054273576e-15
6.3199444600e+02	1.1418515350e-97
6.3272375500e+02	1.2468187960e-91
6.3345300300e+02	5.1437170725e-86
6.3418225100e+02	8.7833906452e-81
6.3491162100e+02	6.7309228845e-76
6.3564086900e+02	2.4725996983e-71
6.3637011700e+02	4.6403617024e-67
6.3709942600e+02	4.7035845161e-63
6.3782873500e+02	2.7020572996e-59
6.3855798300e+02	9.1858598264e-56
6.3928723100e+02	1.9237526123e-52
6.4001654100e+02	2.5731880053e-49
6.4074585000e+02	2.2685266377e-46
6.4147509800e+02	1.3564117232e-43
6.4220440700e+02	5.6541929288e-41
6.4293371600e+02	1.6823305187e-38
6.4366296400e+02	3.6507573366e-36
6.4439221200e+02	5.8985300698e-34
6.4512152100e+02	7.2307466796e-32
6.4585083000e+02	6.8372468085e-30
6.4658007800e+02	5.0637303378e-28
6.4730932600e+02	2.9810970278e-26
6.4803869600e+02	1.4146504725e-24
6.4876794400e+02	5.4711221559e-23
6.4949719200e+02	1.7454245298e-21
6.5022650100e+02	4.6434222472e-20
6.5095581100e+02	1.0400065418e-18
6.5168505900e+02	1.9786391487e-17
6.5241430700e+02	3.2259361871e-16
6.5314361600e+02	4.5442001072e-15
6.5387292500e+02	5.5705916481e-14
6.5460217300e+02	5.9831304049e-13
6.5533142100e+02	5.6684525899e-12
6.5606079100e+02	4.7677676273e-11
6.5679003900e+02	3.5781855978e-10
6.5751928700e+02	2.4099479260e-09
6.5824859600e+02	1.4642471888e-08
6.5897790500e+02	8.0627694830e-08
6.5970715300e+02	4.0412216660e-07
6.6043640100e+02	1.8518419205e-06
6.6116571000e+02	7.7901457288e-06
6.6189502000e+02	3.0194131898e-05
6.6262426800e+02	1.0820301865e-04
6.6335357700e+02	3.5979650346e-04
6.6408288600e+02	1.1135678275e-03
6.6481213400e+02	3.2173432225e-03
6.6554138200e+02	8.7033990095e-03
6.6627069100e+02	2.2105860842e-02
6.6700000000e+02	5.2849334440e-02
6.6772924800e+02	1.1921317449e-01
6.6845849600e+02	2.5433664761e-01
6.6918786600e+02	5.1440818648e-01
6.6991711400e+02	9.8818266276e-01
6.7064636200e+02	1.8068605935e+00
6.7137567100e+02	3.1508137702e+00
6.7210498000e+02	5.2493222557e+00
6.7283422900e+02	8.3696652663e+00
6.7356347700e+02	1.2793198581e+01
6.7429278600e+02	1.8776742480e+01
6.7502209500e+02	2.6501769486e+01
6.7575134300e+02	3.6021595030e+01
6.7648065200e+02	4.7218206289e+01
6.7720996100e+02	5.9769455384e+01
6.7793920900e+02	7.3150528304e+01
6.7866845700e+02	8.6668521505e+01
6.7939776600e+02	9.9522544153e+01
6.8012707500e+02	1.1088579125e+02
6.8085632300e+02	1.2000164169e+02
6.8158557100e+02	1.2627154422e+02
6.8231494100e+02	1.2931805499e+02
6.8304418900e+02	1.2901944187e+02
6.8377343800e+02	1.2551341348e+02
6.8450274700e+02	1.1916267565e+02
6.8523205600e+02	1.1050191413e+02
6.8596130400e+02	1.0016889746e+02
6.8669055200e+02	8.8831196322e+01
6.8741986100e+02	7.7124720984e+01
6.8814917000e+02	6.5608434999e+01
6.8887841800e+02	5.4733739259e+01
6.8960766600e+02	4.4834120861e+01
6.9033703600e+02	3.6136504065e+01
6.9106628400e+02	2.8789377655e+01
6.9179553200e+02	2.2883874873e+01
6.9252484100e+02	1.8485296920e+01
6.9325415000e+02	1.5642337260e+01
6.9398339800e+02	1.4369443520e+01
6.9471264600e+02	1.4603961537e+01
6.9544195600e+02	1.6150551856e+01
6.9617126500e+02	1.8638111236e+01
6.9690051300e+02	2.1523245225e+01
6.9762982200e+02	2.4160272649e+01
6.9835913100e+02	2.5925933848e+01
6.9908837900e+02	2.6365629973e+01
6.9981762700e+02	2.5303748633e+01
7.0054693600e+02	2.2874764955e+01
7.0127624500e+02	1.9465692669e+01
7.0200549300e+02	1.5592890364e+01
7.0273474100e+02	1.1761491717e+01
7.0346411100e+02	8.3573875241e+00
7.0419335900e+02	5.5984246532e+00
7.0492260700e+02	3.5376691050e+00
7.0565191700e+02	2.1101510576e+00
7.0638122600e+02	1.1890347943e+00
7.0711047400e+02	6.3346600656e-01
7.0783972200e+02	3.1933170795e-01
7.0856903100e+02	1.5244797979e-01
7.0929834000e+02	6.8999815948e-02
7.1002758800e+02	2.9650053280e-02
7.1075683600e+02	1.2117115726e-02
7.1148620600e+02	4.7210203902e-03
7.1221545400e+02	1.7614716296e-03
7.1294470200e+02	6.3367110464e-04
7.1367401100e+02	2.2237462417e-04
7.1440332000e+02	7.7632478184e-05
7.1513256800e+02	2.7761735121e-05
7.1586181600e+02	1.0534042691e-05
7.1659118700e+02	4.3609691829e-06
7.1732043500e+02	1.9797514515e-06
7.1804968300e+02	9.6687818135e-07
7.1877899200e+02	4.9422248288e-07
7.1950830100e+02	2.5852750850e-07
7.2023754900e+02	1.3648036640e-07
7.2096679700e+02	7.2175528115e-08
7.2169610600e+02	3.8101286026e-08
7.2242541500e+02	2.0049558052e-08
7.2315466300e+02	1.0511760130e-08
7.2388391100e+02	5.4899780929e-09
7.2461328100e+02	2.8559915066e-09
7.2534252900e+02	1.4803720097e-09
7.2607177700e+02	7.6456780732e-10
7.2680108600e+02	3.9347882526e-10
7.2753039600e+02	2.0181968619e-10
7.2825964400e+02	1.0318574707e-10
7.2898889200e+02	5.2591555820e-11
7.2971820100e+02	2.6722502124e-11
7.3044751000e+02	1.3538652271e-11
7.3117675800e+02	6.8404155430e-12
7.3190606700e+02	3.4466252705e-12
7.3263537600e+02	1.7321244596e-12
7.3336462400e+02	8.6837168520e-13
7.3409387200e+02	4.3430075775e-13
7.3482318100e+02	2.1669518275e-13
7.3555249000e+02	1.0788134815e-13
7.3628173800e+02	5.3597665385e-14
7.3701098600e+02	2.6574185179e-14
7.3774035600e+02	1.3148430186e-14
7.3846960400e+02	6.4941968899e-15
7.3919885300e+02	3.2018257220e-15
7.3992816200e+02	1.5757935612e-15
7.4065747100e+02	7.7426272252e-16
7.4138671900e+02	3.7985913395e-16
7.4211596700e+02	1.8608324222e-16
7.4284527600e+02	9.1022060697e-17
7.4357458500e+02	4.4462730230e-17
7.4430383300e+02	2.1692541645e-17
7.4503308100e+02	1.0570402835e-17
7.4576245100e+02	5.1441577257e-18
7.4649169900e+02	2.5009775770e-18
7.4722094700e+02	1.2146513843e-18
7.4795025600e+02	5.8930305896e-19
7.4867956500e+02	2.8564173831e-19
7.4940881300e+02	1.3834096530e-19
7.5013806200e+02	6.6945692814e-20
7.5086737100e+02	3.2369374471e-20
7.5159668000e+02	1.5639894415e-20
7.5232592800e+02	7.5521248026e-21
