# Filename: guide/20241130streak_WT_target_DA_glycerol_APC680.ascii
 
Time explicit
Intervalnr 1
0.0
6.5309088100e+02	2.9231923810e-03
6.5404138200e+02	3.0881235625e-03
6.5499182100e+02	3.1828875963e-03
6.5594220000e+02	3.2615912734e-03
6.5689257800e+02	3.4468679635e-03
6.5784301800e+02	3.5176622347e-03
6.5879339600e+02	3.6778741675e-03
6.5974377400e+02	3.7549393419e-03
6.6069427500e+02	4.0222236257e-03
6.6164471400e+02	4.1815595340e-03
6.6259509300e+02	4.2727712944e-03
6.6354547100e+02	4.4009128693e-03
6.6449591100e+02	4.4865983851e-03
6.6544628900e+02	4.6018155872e-03
6.6639672900e+02	4.5368076294e-03
6.6734722900e+02	4.5311517875e-03
6.6829748500e+02	4.9915228846e-03
6.6924798600e+02	4.9419464227e-03
6.7019842500e+02	5.3266025131e-03
6.7114880400e+02	5.6145537082e-03
6.7209918200e+02	6.2160999948e-03
6.7304962200e+02	6.4853956370e-03
6.7400000000e+02	7.1028600376e-03
6.7495037800e+02	7.7043220589e-03
6.7590087900e+02	8.2048290482e-03
6.7685131800e+02	8.9119198127e-03
6.7780169700e+02	9.2102665564e-03
6.7875207500e+02	9.3725482003e-03
6.7970251500e+02	9.6478379226e-03
6.8065289300e+02	9.4533264604e-03
6.8160327100e+02	9.6133158395e-03
6.8255377200e+02	9.3672702043e-03
6.8350421100e+02	8.9289819239e-03
6.8445459000e+02	8.6323407576e-03
6.8540502900e+02	8.1455511499e-03
6.8635540800e+02	7.6770921483e-03
6.8730578600e+02	7.1525493584e-03
6.8825622600e+02	6.6069024586e-03
6.8920672600e+02	6.0142160022e-03
6.9015698200e+02	5.7791826744e-03
6.9110748300e+02	5.4534634785e-03
6.9205792200e+02	5.2042063287e-03
6.9300830100e+02	4.7146742101e-03
6.9395867900e+02	4.6839274923e-03
6.9490911900e+02	4.1869615336e-03
6.9585961900e+02	4.2942924693e-03
6.9680987500e+02	3.8032987428e-03
6.9776037600e+02	3.8358232498e-03
6.9871081500e+02	3.4791786437e-03
6.9966119400e+02	3.6945791709e-03
7.0061157200e+02	3.2526021285e-03
7.0156201200e+02	3.2312813535e-03
7.0251251200e+02	3.0948242759e-03
7.0346283000e+02	3.0014641980e-03
7.0441333000e+02	2.9334510419e-03
7.0536358600e+02	2.8295371587e-03
7.0631408700e+02	2.8777330259e-03
7.0726452600e+02	2.7672683676e-03
7.0821490500e+02	1.9055634000e-03
7.0916528300e+02	2.2563342703e-03
7.1011572300e+02	1.5307083925e-03
7.1106622300e+02	1.8778804195e-03
7.1201647900e+02	2.8172724243e-03
7.1296698000e+02	1.3968041866e-03
7.1391741900e+02	2.8434672685e-03
7.1486779800e+02	1.0241017302e-03
7.1581817600e+02	2.2754154832e-03
7.1676861600e+02	1.0638545653e-03
7.1771911600e+02	8.9938117979e-04
7.1866937300e+02	2.9122607751e-03
7.1961987300e+02	1.7073351288e-04
7.2057031200e+02	2.9644322789e-03
7.2152069100e+02	9.1508928887e-05
7.2247113000e+02	4.2878893979e-04
7.2342150900e+02	2.8887846922e-03
7.2437188700e+02	0.0000000000e+00
7.2532232700e+02	2.1930912339e-03
7.2627282700e+02	0.0000000000e+00
7.2722308300e+02	2.7252686355e-03
7.2817358400e+02	0.0000000000e+00
7.2912402300e+02	2.7519496667e-03
7.3007440200e+02	0.0000000000e+00
7.3102478000e+02	2.6390927059e-03
7.3197522000e+02	1.0885206833e-03
7.3292572000e+02	0.0000000000e+00
7.3387597700e+02	2.4706283639e-03
7.3482647700e+02	7.3549475917e-05
7.3577691700e+02	1.7857342943e-03
7.3672729500e+02	2.7424640264e-04
7.3767767300e+02	2.5811594878e-03
7.3862811300e+02	4.1130810868e-04
7.3957861300e+02	2.1684724678e-03
7.4052887000e+02	7.8399708199e-04
7.4147937000e+02	7.7223924714e-04
7.4242981000e+02	1.4197491207e-03
7.4338018800e+02	8.0194517915e-04
7.4433062700e+02	9.5066975189e-04
7.4528100600e+02	9.8621207615e-04
7.4623138400e+02	1.0361940235e-03
7.4718182400e+02	1.3433795942e-03
7.4813232400e+02	1.0981579901e-03
7.4908270300e+02	1.0769137805e-03
7.5003308100e+02	1.1499700763e-03
7.5098352100e+02	1.0939240650e-03
7.5193389900e+02	1.2267964753e-03
7.5288427700e+02	1.2524015851e-03
7.5383471700e+02	1.1575332897e-03
7.5478521700e+02	1.1169268202e-03
7.5573547400e+02	1.0688466700e-03
7.5668597400e+02	1.0410293443e-03
7.5763641400e+02	1.0598058516e-03
7.5858679200e+02	1.3117439653e-03
7.5953717000e+02	9.1537593141e-04
7.6048761000e+02	1.0778841212e-03
7.6143798800e+02	1.0237690126e-03
7.6238842800e+02	1.0517448718e-03
7.6333892800e+02	1.0276705672e-03
7.6428930700e+02	9.7293783277e-04
7.6523968500e+02	9.7409260550e-04
7.6619012500e+02	1.0234787711e-03
7.6714050300e+02	9.1458384654e-04
7.6809088100e+02	9.8461337551e-04
7.6904132100e+02	9.2120982251e-04
7.6999182100e+02	7.6000896796e-04
7.7094220000e+02	8.4019596646e-04
7.7189257800e+02	7.7590170073e-04
7.7284301800e+02	7.6710777362e-04
7.7379339600e+02	6.1564343104e-04
7.7474377400e+02	6.1252684226e-04
7.7569421400e+02	6.3564178933e-04
7.7664471400e+02	4.9173046352e-04
7.7759509300e+02	5.0079448334e-04
7.7854547100e+02	4.2329323506e-04
7.7949591100e+02	3.7804478896e-04
