# Filename: guide/20241120megacomplex77K_PB1.ascii
 
Time explicit
Intervalnr 1
2.37309027
6.3053588900e+02	1.3643199704e+01
6.3126513700e+02	1.2511512607e+01
6.3199444600e+02	1.0856770627e+01
6.3272375500e+02	1.2180423761e+01
6.3345300300e+02	1.2366122089e+01
6.3418225100e+02	1.1382921942e+01
6.3491162100e+02	1.0911103424e+01
6.3564086900e+02	1.1051605656e+01
6.3637011700e+02	1.0237657356e+01
6.3709942600e+02	1.0653769819e+01
6.3782873500e+02	1.0390823772e+01
6.3855798300e+02	8.3492591053e+00
6.3928723100e+02	7.5987862837e+00
6.4001654100e+02	8.1463630117e+00
6.4074585000e+02	7.5310089679e+00
6.4147509800e+02	7.2483322640e+00
6.4220440700e+02	7.3087430038e+00
6.4293371600e+02	5.8110099861e+00
6.4366296400e+02	7.3934290904e+00
6.4439221200e+02	7.8735334493e+00
6.4512152100e+02	8.3810304464e+00
6.4585083000e+02	7.8727212686e+00
6.4658007800e+02	8.0042477627e+00
6.4730932600e+02	1.0877490904e+01
6.4803869600e+02	9.7918826052e+00
6.4876794400e+02	1.2908328185e+01
6.4949719200e+02	1.2465907172e+01
6.5022650100e+02	1.2556167276e+01
6.5095581100e+02	1.3837550855e+01
6.5168505900e+02	1.5946622697e+01
6.5241430700e+02	1.4843858803e+01
6.5314361600e+02	1.7595633167e+01
6.5387292500e+02	1.7738738420e+01
6.5460217300e+02	2.0157771467e+01
6.5533142100e+02	2.1507256432e+01
6.5606079100e+02	2.2530754080e+01
6.5679003900e+02	2.3307984785e+01
6.5751928700e+02	2.4233239721e+01
6.5824859600e+02	2.5731208906e+01
6.5897790500e+02	2.4477709662e+01
6.5970715300e+02	2.3829475226e+01
6.6043640100e+02	2.5338554968e+01
6.6116571000e+02	2.4743375772e+01
6.6189502000e+02	2.3743661792e+01
6.6262426800e+02	2.2808958889e+01
6.6335357700e+02	2.2976938138e+01
6.6408288600e+02	2.3308215428e+01
6.6481213400e+02	2.4826891233e+01
6.6554138200e+02	2.4312051460e+01
6.6627069100e+02	2.4710528528e+01
6.6700000000e+02	2.3821338147e+01
6.6772924800e+02	2.2635640271e+01
6.6845849600e+02	2.3418475186e+01
6.6918786600e+02	2.5561349451e+01
6.6991711400e+02	2.6240560682e+01
6.7064636200e+02	2.8033036997e+01
6.7137567100e+02	2.5260908325e+01
6.7210498000e+02	2.7892748232e+01
6.7283422900e+02	2.6272078599e+01
6.7356347700e+02	2.3489858543e+01
6.7429278600e+02	2.5012451865e+01
6.7502209500e+02	2.6234108741e+01
6.7575134300e+02	2.4655611716e+01
6.7648065200e+02	2.5432576878e+01
6.7720996100e+02	2.4891594138e+01
6.7793920900e+02	2.6639493895e+01
6.7866845700e+02	2.5686681663e+01
6.7939776600e+02	2.6825254138e+01
6.8012707500e+02	2.6011916282e+01
6.8085632300e+02	2.6524500320e+01
6.8158557100e+02	2.4117004234e+01
6.8231494100e+02	2.3392819902e+01
6.8304418900e+02	2.3597626083e+01
6.8377343800e+02	2.5140213830e+01
6.8450274700e+02	2.5118293359e+01
6.8523205600e+02	2.8333699130e+01
6.8596130400e+02	2.5997991375e+01
6.8669055200e+02	2.9427671207e+01
6.8741986100e+02	3.0303953624e+01
6.8814917000e+02	2.9622049366e+01
6.8887841800e+02	2.8704107187e+01
6.8960766600e+02	2.8254712209e+01
6.9033703600e+02	2.8119281994e+01
6.9106628400e+02	3.0704511029e+01
6.9179553200e+02	2.9031329393e+01
6.9252484100e+02	3.1247816207e+01
6.9325415000e+02	2.9870186671e+01
6.9398339800e+02	3.1698480546e+01
6.9471264600e+02	2.8427668707e+01
6.9544195600e+02	2.7058787462e+01
6.9617126500e+02	3.0628475527e+01
6.9690051300e+02	2.9777657850e+01
6.9762982200e+02	2.7247202438e+01
6.9835913100e+02	2.6586238270e+01
6.9908837900e+02	2.7956298680e+01
6.9981762700e+02	2.5532134183e+01
7.0054693600e+02	2.6354415113e+01
7.0127624500e+02	2.6156834917e+01
7.0200549300e+02	2.6214047271e+01
7.0273474100e+02	2.5625587576e+01
7.0346411100e+02	2.5549160335e+01
7.0419335900e+02	2.6023707638e+01
7.0492260700e+02	2.4589105853e+01
7.0565191700e+02	2.4622228053e+01
7.0638122600e+02	2.4246715069e+01
7.0711047400e+02	2.4457567488e+01
7.0783972200e+02	2.5195150603e+01
7.0856903100e+02	2.6280788613e+01
7.0929834000e+02	2.3402397115e+01
7.1002758800e+02	2.5059176979e+01
7.1075683600e+02	2.3823912127e+01
7.1148620600e+02	2.1861143158e+01
7.1221545400e+02	2.2678507411e+01
7.1294470200e+02	2.1371028898e+01
7.1367401100e+02	2.2644830849e+01
7.1440332000e+02	2.3687533734e+01
7.1513256800e+02	2.2238019484e+01
7.1586181600e+02	2.2204754669e+01
7.1659118700e+02	2.2433543637e+01
7.1732043500e+02	2.0585422561e+01
7.1804968300e+02	2.2002270447e+01
7.1877899200e+02	2.1171143817e+01
7.1950830100e+02	2.1966879283e+01
7.2023754900e+02	2.1499282423e+01
7.2096679700e+02	2.1722023794e+01
7.2169610600e+02	2.2219789802e+01
7.2242541500e+02	2.0842203332e+01
7.2315466300e+02	2.0617191814e+01
7.2388391100e+02	2.2516600153e+01
7.2461328100e+02	2.0082698647e+01
7.2534252900e+02	2.1689043248e+01
7.2607177700e+02	1.9095676055e+01
7.2680108600e+02	2.1878233916e+01
7.2753039600e+02	2.0551669459e+01
7.2825964400e+02	2.0945267606e+01
7.2898889200e+02	2.0032686752e+01
7.2971820100e+02	1.9843248428e+01
7.3044751000e+02	2.0692073029e+01
7.3117675800e+02	1.9605192529e+01
7.3190606700e+02	2.1563228943e+01
7.3263537600e+02	2.0885030666e+01
7.3336462400e+02	1.9588135515e+01
7.3409387200e+02	1.7691191174e+01
7.3482318100e+02	1.9989558572e+01
7.3555249000e+02	1.7840438986e+01
7.3628173800e+02	1.9427774181e+01
7.3701098600e+02	1.8998763352e+01
7.3774035600e+02	1.9984467203e+01
7.3846960400e+02	1.7501120475e+01
7.3919885300e+02	1.6894496809e+01
7.3992816200e+02	1.8555447654e+01
7.4065747100e+02	1.9821954104e+01
7.4138671900e+02	1.8722588119e+01
7.4211596700e+02	1.8685491881e+01
7.4284527600e+02	1.8282781452e+01
7.4357458500e+02	1.7328728443e+01
7.4430383300e+02	1.6870122131e+01
7.4503308100e+02	1.7655996307e+01
7.4576245100e+02	1.6784309076e+01
7.4649169900e+02	1.7038145194e+01
7.4722094700e+02	1.7990877889e+01
7.4795025600e+02	1.6724082955e+01
7.4867956500e+02	1.6890862117e+01
7.4940881300e+02	1.7449617466e+01
7.5013806200e+02	1.7040415610e+01
7.5086737100e+02	1.7901649507e+01
7.5159668000e+02	1.5352128084e+01
7.5232592800e+02	1.5949015514e+01
