# Filename: guide/20241113streak_WT_target_DA_FRL_PC650b.ascii
 
Time explicit
Intervalnr 1
11.0931988
6.2937426800e+02	8.5653748588e+00
6.3152331500e+02	9.1486868349e+00
6.3367242400e+02	1.1500488193e+01
6.3582147200e+02	1.7964296298e+01
6.3797052000e+02	2.4343281749e+01
6.4011962900e+02	3.6057201730e+01
6.4226867700e+02	5.2168832014e+01
6.4441772500e+02	6.6772301292e+01
6.4656683300e+02	7.5047328421e+01
6.4871588100e+02	9.7684741316e+01
6.5086492900e+02	9.8023195710e+01
6.5301403800e+02	9.4201224277e+01
6.5516308600e+02	9.5007343394e+01
6.5731213400e+02	1.0941993926e+02
6.5946124300e+02	1.1430207267e+02
6.6161029100e+02	1.0814657540e+02
6.6375933800e+02	9.6080241955e+01
6.6590844700e+02	9.8374965539e+01
6.6805749500e+02	7.3093024008e+01
6.7020654300e+02	6.4480040291e+01
6.7235565200e+02	6.1800606408e+01
6.7450470000e+02	5.0871417881e+01
6.7665374800e+02	3.1430262395e+01
6.7880285600e+02	1.8404388304e+01
6.8095190400e+02	0.0000000000e+00
6.8310095200e+02	0.0000000000e+00
6.8525006100e+02	0.0000000000e+00
6.8739910900e+02	0.0000000000e+00
6.8954815700e+02	0.0000000000e+00
6.9169726600e+02	2.4301829611e+01
6.9384631300e+02	1.7256316504e+01
6.9599536100e+02	2.5370029236e+01
6.9814447000e+02	1.6820559292e+01
7.0029351800e+02	1.5639160527e+01
7.0244256600e+02	1.8318004588e+01
7.0459167500e+02	2.2312813003e+01
7.0674072300e+02	1.5582730876e+01
7.0888977100e+02	9.4818157896e+00
7.1103881800e+02	6.6224564566e+00
7.1318792700e+02	3.8799293761e+00
7.1533697500e+02	5.2840700725e+00
7.1748608400e+02	3.0565441247e+00
7.1963513200e+02	2.3294447417e+00
7.2178418000e+02	3.4142495282e+00
7.2393322800e+02	2.0246367268e+00
7.2608233600e+02	8.1351325614e+00
7.2823138400e+02	7.6200403198e+00
7.3038049300e+02	9.8014111263e+00
7.3252954100e+02	9.0293256620e+00
7.3467858900e+02	8.4119530718e+00
7.3682763700e+02	9.0252441755e+00
7.3897674600e+02	1.0830454377e+01
7.4112579300e+02	1.1566353262e+01
7.4327490200e+02	1.0930352909e+01
7.4542395000e+02	9.5974996725e+00
7.4757299800e+02	7.3273689213e+00
7.4972204600e+02	9.2683798369e+00
7.5187115500e+02	7.0298338044e+00
7.5402020300e+02	4.0769839781e+00
7.5616931200e+02	3.7352632174e+00
7.5831835900e+02	3.5224735145e+00
7.6046740700e+02	3.4396771938e+00
7.6261645500e+02	3.6346795282e+00
7.6476556400e+02	1.8234943359e+00
7.6691461200e+02	8.1385257952e-01
7.6906372100e+02	3.5346644351e-01
7.7121276900e+02	5.8057290728e-01
7.7336181600e+02	1.0655679143e+00
7.7551086400e+02	1.0114626993e+00
7.7765997300e+02	2.4625680431e+00
7.7980902100e+02	1.8705772017e+00
7.8195813000e+02	1.2577580684e+00
7.8410717800e+02	9.1733750072e-01
7.8625622600e+02	2.6488644945e+00
7.8840527300e+02	1.9139528922e+00
7.9055438200e+02	1.8098647201e+00
7.9270343000e+02	2.2222580516e+00
7.9485253900e+02	1.6940646287e+00
7.9700158700e+02	2.0768209759e+00
7.9915063500e+02	1.6340026081e+00
8.0129968300e+02	1.7070951471e+00
8.0344879200e+02	9.1117644194e-01
8.0559783900e+02	1.2063429703e+00
8.0774694800e+02	1.3381576222e+00
8.0989599600e+02	8.5668170052e-01
8.1204504400e+02	9.4058620607e-01
8.1419409200e+02	0.0000000000e+00
8.1634320100e+02	0.0000000000e+00
8.1849224900e+02	0.0000000000e+00
8.2064135700e+02	0.0000000000e+00
8.2279040500e+02	0.0000000000e+00
8.2493945300e+02	0.0000000000e+00
8.2708850100e+02	0.0000000000e+00
8.2923761000e+02	5.6188594233e-01
8.3138665800e+02	8.5570892932e-01
8.3353576700e+02	7.9994076910e-01
8.3568481400e+02	4.2579388246e-01
8.3783386200e+02	8.4148889778e-01
8.3998291000e+02	1.1052633571e+00
8.4213201900e+02	5.3121107111e-01
8.4428106700e+02	5.0450418070e-01
8.4643017600e+02	1.0633702467e+00
8.4857922400e+02	8.1215524715e-01
