# Filename: guide/20241111PSI__streak_targetWT_PSI2.ascii
 
Time explicit
Intervalnr 1
11.0931988
6.2937426800e+02	0.0000000000e+00
6.3152331500e+02	0.0000000000e+00
6.3367242400e+02	0.0000000000e+00
6.3582147200e+02	0.0000000000e+00
6.3797052000e+02	0.0000000000e+00
6.4011962900e+02	0.0000000000e+00
6.4226867700e+02	0.0000000000e+00
6.4441772500e+02	0.0000000000e+00
6.4656683300e+02	0.0000000000e+00
6.4871588100e+02	0.0000000000e+00
6.5086492900e+02	0.0000000000e+00
6.5301403800e+02	0.0000000000e+00
6.5516308600e+02	0.0000000000e+00
6.5731213400e+02	0.0000000000e+00
6.5946124300e+02	0.0000000000e+00
6.6161029100e+02	0.0000000000e+00
6.6375933800e+02	0.0000000000e+00
6.6590844700e+02	0.0000000000e+00
6.6805749500e+02	0.0000000000e+00
6.7020654300e+02	0.0000000000e+00
6.7235565200e+02	0.0000000000e+00
6.7450470000e+02	0.0000000000e+00
6.7665374800e+02	0.0000000000e+00
6.7880285600e+02	0.0000000000e+00
6.8095190400e+02	0.0000000000e+00
6.8310095200e+02	0.0000000000e+00
6.8525006100e+02	0.0000000000e+00
6.8739910900e+02	0.0000000000e+00
6.8954815700e+02	0.0000000000e+00
6.9169726600e+02	1.3375406442e+01
6.9384631300e+02	1.6020422949e+01
6.9599536100e+02	1.6378852665e+01
6.9814447000e+02	1.9657055186e+01
7.0029351800e+02	2.3546672511e+01
7.0244256600e+02	2.8779149050e+01
7.0459167500e+02	4.2219676844e+01
7.0674072300e+02	5.7498936556e+01
7.0888977100e+02	8.0032444704e+01
7.1103881800e+02	1.0458817042e+02
7.1318792700e+02	1.3472380481e+02
7.1533697500e+02	1.6678411608e+02
7.1748608400e+02	1.8933538565e+02
7.1963513200e+02	2.1015976474e+02
7.2178418000e+02	2.2253345521e+02
7.2393322800e+02	2.2427559537e+02
7.2608233600e+02	2.1816181658e+02
7.2823138400e+02	2.0653094298e+02
7.3038049300e+02	1.8749996005e+02
7.3252954100e+02	1.7084193957e+02
7.3467858900e+02	1.5216482430e+02
7.3682763700e+02	1.3521877720e+02
7.3897674600e+02	1.2076948990e+02
7.4112579300e+02	1.0309048078e+02
7.4327490200e+02	9.2869969724e+01
7.4542395000e+02	7.9227480806e+01
7.4757299800e+02	7.1974544251e+01
7.4972204600e+02	6.4375082305e+01
7.5187115500e+02	5.6389664145e+01
7.5402020300e+02	5.0095862010e+01
7.5616931200e+02	4.4208457626e+01
7.5831835900e+02	4.3120444425e+01
7.6046740700e+02	3.8716500114e+01
7.6261645500e+02	3.5402141747e+01
7.6476556400e+02	3.4749278158e+01
7.6691461200e+02	3.2752693675e+01
7.6906372100e+02	3.0657980344e+01
7.7121276900e+02	3.0834649776e+01
7.7336181600e+02	2.9614066116e+01
7.7551086400e+02	3.0664671814e+01
7.7765997300e+02	2.9612696763e+01
7.7980902100e+02	2.9780192381e+01
7.8195813000e+02	2.8051459185e+01
7.8410717800e+02	2.8904994148e+01
7.8625622600e+02	2.8711896687e+01
7.8840527300e+02	2.6523672461e+01
7.9055438200e+02	2.6898696966e+01
7.9270343000e+02	2.5945815486e+01
7.9485253900e+02	2.5206654648e+01
7.9700158700e+02	2.3706246714e+01
7.9915063500e+02	2.1982096216e+01
8.0129968300e+02	2.1755095002e+01
8.0344879200e+02	2.1118224801e+01
8.0559783900e+02	1.9163138412e+01
8.0774694800e+02	1.7886116946e+01
8.0989599600e+02	1.7172534275e+01
8.1204504400e+02	1.6675728627e+01
8.1419409200e+02	1.4125288440e+01
8.1634320100e+02	1.3453976897e+01
8.1849224900e+02	1.2111653788e+01
8.2064135700e+02	1.1435477960e+01
8.2279040500e+02	1.0034208558e+01
8.2493945300e+02	9.0579969788e+00
8.2708850100e+02	8.8277985061e+00
8.2923761000e+02	7.8910798939e+00
8.3138665800e+02	7.9889357549e+00
8.3353576700e+02	7.0550993344e+00
8.3568481400e+02	6.5342766068e+00
8.3783386200e+02	5.6477097844e+00
8.3998291000e+02	5.2188983751e+00
8.4213201900e+02	5.0757742029e+00
8.4428106700e+02	4.8052890492e+00
8.4643017600e+02	4.0545398479e+00
8.4857922400e+02	3.8668519148e+00
