# Filename: guide/20241111PSI__streak_targetWT_PSI1.ascii
 
Time explicit
Intervalnr 1
11.0931988
6.2937426800e+02	0.0000000000e+00
6.3152331500e+02	0.0000000000e+00
6.3367242400e+02	0.0000000000e+00
6.3582147200e+02	0.0000000000e+00
6.3797052000e+02	0.0000000000e+00
6.4011962900e+02	0.0000000000e+00
6.4226867700e+02	0.0000000000e+00
6.4441772500e+02	0.0000000000e+00
6.4656683300e+02	0.0000000000e+00
6.4871588100e+02	0.0000000000e+00
6.5086492900e+02	0.0000000000e+00
6.5301403800e+02	0.0000000000e+00
6.5516308600e+02	0.0000000000e+00
6.5731213400e+02	0.0000000000e+00
6.5946124300e+02	0.0000000000e+00
6.6161029100e+02	0.0000000000e+00
6.6375933800e+02	0.0000000000e+00
6.6590844700e+02	0.0000000000e+00
6.6805749500e+02	0.0000000000e+00
6.7020654300e+02	0.0000000000e+00
6.7235565200e+02	0.0000000000e+00
6.7450470000e+02	0.0000000000e+00
6.7665374800e+02	0.0000000000e+00
6.7880285600e+02	0.0000000000e+00
6.8095190400e+02	4.8738679575e+01
6.8310095200e+02	7.4998558860e+01
6.8525006100e+02	9.4368539007e+01
6.8739910900e+02	1.0707336477e+02
6.8954815700e+02	1.1127568400e+02
6.9169726600e+02	8.7222069923e+01
6.9384631300e+02	8.8723736518e+01
6.9599536100e+02	8.9464525624e+01
6.9814447000e+02	8.9453966605e+01
7.0029351800e+02	9.4347133680e+01
7.0244256600e+02	1.0265602152e+02
7.0459167500e+02	1.1099354440e+02
7.0674072300e+02	1.2673374453e+02
7.0888977100e+02	1.4065748205e+02
7.1103881800e+02	1.5328477420e+02
7.1318792700e+02	1.5986478923e+02
7.1533697500e+02	1.6010745565e+02
7.1748608400e+02	1.5634455853e+02
7.1963513200e+02	1.5861759333e+02
7.2178418000e+02	1.4538762351e+02
7.2393322800e+02	1.3520831355e+02
7.2608233600e+02	1.2521191583e+02
7.2823138400e+02	1.1139271068e+02
7.3038049300e+02	9.9861426206e+01
7.3252954100e+02	8.7502744228e+01
7.3467858900e+02	7.5129541657e+01
7.3682763700e+02	7.0991332831e+01
7.3897674600e+02	5.9402754755e+01
7.4112579300e+02	5.8611929391e+01
7.4327490200e+02	4.3792976269e+01
7.4542395000e+02	4.3840404769e+01
7.4757299800e+02	3.6083620418e+01
7.4972204600e+02	3.4461797639e+01
7.5187115500e+02	3.0151045169e+01
7.5402020300e+02	2.7068275241e+01
7.5616931200e+02	2.8225561836e+01
7.5831835900e+02	2.2541299153e+01
7.6046740700e+02	2.2463388092e+01
7.6261645500e+02	2.1236021275e+01
7.6476556400e+02	1.9871019568e+01
7.6691461200e+02	1.7625013594e+01
7.6906372100e+02	1.9283991726e+01
7.7121276900e+02	1.5827383907e+01
7.7336181600e+02	1.6792145928e+01
7.7551086400e+02	1.3334763072e+01
7.7765997300e+02	1.3090003162e+01
7.7980902100e+02	1.2436477270e+01
7.8195813000e+02	1.2692311054e+01
7.8410717800e+02	1.0842664494e+01
7.8625622600e+02	9.0322024714e+00
7.8840527300e+02	1.0186317615e+01
7.9055438200e+02	9.3357321056e+00
7.9270343000e+02	7.3510023828e+00
7.9485253900e+02	7.0981650993e+00
7.9700158700e+02	7.3358588884e+00
7.9915063500e+02	7.7392906036e+00
8.0129968300e+02	5.6497234210e+00
8.0344879200e+02	3.9850978453e+00
8.0559783900e+02	4.5935716817e+00
8.0774694800e+02	4.2646824240e+00
8.0989599600e+02	4.8136378869e+00
8.1204504400e+02	3.9411830756e+00
8.1419409200e+02	6.7212175405e+00
8.1634320100e+02	6.3493599417e+00
8.1849224900e+02	8.5915280919e+00
8.2064135700e+02	8.0107172571e+00
8.2279040500e+02	7.8104023710e+00
8.2493945300e+02	5.9019952158e+00
8.2708850100e+02	4.7592597041e+00
8.2923761000e+02	3.3780341298e+00
8.3138665800e+02	1.7544995050e+00
8.3353576700e+02	1.2773501476e+00
8.3568481400e+02	1.2091459125e+00
8.3783386200e+02	1.6046484700e+00
8.3998291000e+02	2.0695270782e+00
8.4213201900e+02	0.0000000000e+00
8.4428106700e+02	0.0000000000e+00
8.4643017600e+02	5.2994978337e-01
8.4857922400e+02	1.5590440747e-01
