# Filename: guide/20241113streak_DG_target_DA_FRL_PSI3.ascii
 
Time explicit
Intervalnr 1
11.0931988
6.2922522000e+02	0.0000000000e+00
6.3137426800e+02	0.0000000000e+00
6.3352331500e+02	0.0000000000e+00
6.3567242400e+02	0.0000000000e+00
6.3782147200e+02	0.0000000000e+00
6.3997052000e+02	0.0000000000e+00
6.4211962900e+02	0.0000000000e+00
6.4426867700e+02	0.0000000000e+00
6.4641772500e+02	0.0000000000e+00
6.4856683300e+02	0.0000000000e+00
6.5071588100e+02	0.0000000000e+00
6.5286492900e+02	0.0000000000e+00
6.5501403800e+02	0.0000000000e+00
6.5716308600e+02	0.0000000000e+00
6.5931213400e+02	0.0000000000e+00
6.6146124300e+02	0.0000000000e+00
6.6361029100e+02	0.0000000000e+00
6.6575933800e+02	0.0000000000e+00
6.6790844700e+02	0.0000000000e+00
6.7005749500e+02	0.0000000000e+00
6.7220654300e+02	0.0000000000e+00
6.7435565200e+02	0.0000000000e+00
6.7650470000e+02	0.0000000000e+00
6.7865374800e+02	0.0000000000e+00
6.8080285600e+02	0.0000000000e+00
6.8295190400e+02	0.0000000000e+00
6.8510095200e+02	0.0000000000e+00
6.8725006100e+02	0.0000000000e+00
6.8939910900e+02	0.0000000000e+00
6.9154815700e+02	1.1335158265e+00
6.9369726600e+02	2.0733348799e+00
6.9584631300e+02	2.6611220687e+00
6.9799536100e+02	3.1565739536e+00
7.0014447000e+02	3.0965421427e+00
7.0229351800e+02	3.2076618803e+00
7.0444256600e+02	2.6355353011e+00
7.0659167500e+02	3.5057690018e+00
7.0874072300e+02	5.0450342419e+00
7.1088977100e+02	7.2225943772e+00
7.1303881800e+02	1.0927743219e+01
7.1518792700e+02	1.5292926866e+01
7.1733697500e+02	2.1280631645e+01
7.1948608400e+02	2.7851417281e+01
7.2163513200e+02	3.3987014994e+01
7.2378418000e+02	3.8526128196e+01
7.2593322800e+02	4.1913136349e+01
7.2808233600e+02	4.2241387267e+01
7.3023138400e+02	4.1883089247e+01
7.3238049300e+02	4.0054041912e+01
7.3452954100e+02	3.7001572879e+01
7.3667858900e+02	3.3707984880e+01
7.3882763700e+02	3.1171440861e+01
7.4097674600e+02	2.7720077071e+01
7.4312579300e+02	2.4327007866e+01
7.4527490200e+02	2.0987049202e+01
7.4742395000e+02	1.8615836717e+01
7.4957299800e+02	1.6326300996e+01
7.5172204600e+02	1.4228521422e+01
7.5387115500e+02	1.2848057307e+01
7.5602020300e+02	1.1150232467e+01
7.5816931200e+02	9.9136399576e+00
7.6031835900e+02	8.9312144596e+00
7.6246740700e+02	8.2940998464e+00
7.6461645500e+02	7.2754923821e+00
7.6676556400e+02	6.5651803250e+00
7.6891461200e+02	6.3755841391e+00
7.7106372100e+02	5.7199162175e+00
7.7321276900e+02	5.4384707432e+00
7.7536181600e+02	4.9047967600e+00
7.7751086400e+02	4.9310967092e+00
7.7965997300e+02	4.7614381684e+00
7.8180902100e+02	4.9801900386e+00
7.8395813000e+02	4.8764026072e+00
7.8610717800e+02	4.7701042203e+00
7.8825622600e+02	4.6725148001e+00
7.9040527300e+02	4.5233268270e+00
7.9255438200e+02	4.7984523507e+00
7.9470343000e+02	4.6529564457e+00
7.9685253900e+02	4.5751186275e+00
7.9900158700e+02	4.2899459001e+00
8.0115063500e+02	4.1377032889e+00
8.0329968300e+02	4.0779868291e+00
8.0544879200e+02	3.9809065715e+00
8.0759783900e+02	3.7504284762e+00
8.0974694800e+02	3.4740897914e+00
8.1189599600e+02	3.3761909893e+00
8.1404504400e+02	3.1179696392e+00
8.1619409200e+02	2.9392574552e+00
8.1834320100e+02	2.8493836332e+00
8.2049224900e+02	2.5576749260e+00
8.2264135700e+02	2.4934030825e+00
8.2479040500e+02	2.3540171179e+00
8.2693945300e+02	2.0622587859e+00
8.2908850100e+02	2.0239542420e+00
8.3123761000e+02	1.7588629063e+00
8.3338665800e+02	1.6682430563e+00
8.3553576700e+02	1.4863190092e+00
8.3768481400e+02	1.3603498603e+00
8.3983386200e+02	1.1813091193e+00
8.4198291000e+02	1.1518521161e+00
8.4413201900e+02	1.0047649740e+00
8.4628106700e+02	9.3422227753e-01
8.4843017600e+02	8.1512767088e-01
