# Filename: guide/20241120megacomplex77K_PB2.ascii
 
Time explicit
Intervalnr 1
2.37309027
6.3053588900e+02	2.0963227763e+00
6.3126513700e+02	2.9456582242e+00
6.3199444600e+02	3.2342140429e+00
6.3272375500e+02	2.6907089301e+00
6.3345300300e+02	2.9560742902e+00
6.3418225100e+02	2.3275930002e+00
6.3491162100e+02	1.4950099353e+00
6.3564086900e+02	1.4460758144e+00
6.3637011700e+02	1.0728905950e+00
6.3709942600e+02	1.6043137245e-01
6.3782873500e+02	0.0000000000e+00
6.3855798300e+02	2.1849772206e-01
6.3928723100e+02	0.0000000000e+00
6.4001654100e+02	0.0000000000e+00
6.4074585000e+02	0.0000000000e+00
6.4147509800e+02	0.0000000000e+00
6.4220440700e+02	0.0000000000e+00
6.4293371600e+02	0.0000000000e+00
6.4366296400e+02	0.0000000000e+00
6.4439221200e+02	0.0000000000e+00
6.4512152100e+02	0.0000000000e+00
6.4585083000e+02	0.0000000000e+00
6.4658007800e+02	1.5166318546e-02
6.4730932600e+02	0.0000000000e+00
6.4803869600e+02	1.0059753775e+00
6.4876794400e+02	1.5262136816e+00
6.4949719200e+02	2.8514984884e+00
6.5022650100e+02	3.3349766012e+00
6.5095581100e+02	3.0289108423e+00
6.5168505900e+02	4.1997558366e+00
6.5241430700e+02	5.5923406871e+00
6.5314361600e+02	5.8066038062e+00
6.5387292500e+02	6.4739418777e+00
6.5460217300e+02	7.4491388038e+00
6.5533142100e+02	7.8185519777e+00
6.5606079100e+02	8.9917975200e+00
6.5679003900e+02	8.8355439960e+00
6.5751928700e+02	9.4511655509e+00
6.5824859600e+02	9.6133269764e+00
6.5897790500e+02	1.0301232645e+01
6.5970715300e+02	1.0142126382e+01
6.6043640100e+02	9.5958770012e+00
6.6116571000e+02	1.0122514100e+01
6.6189502000e+02	1.0182549330e+01
6.6262426800e+02	9.7981868139e+00
6.6335357700e+02	9.2770371310e+00
6.6408288600e+02	9.0301984253e+00
6.6481213400e+02	9.0982541941e+00
6.6554138200e+02	9.2143005093e+00
6.6627069100e+02	9.3281752583e+00
6.6700000000e+02	9.0206666075e+00
6.6772924800e+02	9.0517387021e+00
6.6845849600e+02	8.7482052696e+00
6.6918786600e+02	8.9393988524e+00
6.6991711400e+02	8.4924593415e+00
6.7064636200e+02	1.3904410131e+01
6.7137567100e+02	1.4115707941e+01
6.7210498000e+02	1.4372787950e+01
6.7283422900e+02	1.6345656993e+01
6.7356347700e+02	1.3907090574e+01
6.7429278600e+02	1.7180150149e+01
6.7502209500e+02	1.5018468985e+01
6.7575134300e+02	1.7337578364e+01
6.7648065200e+02	1.6102054896e+01
6.7720996100e+02	1.7954398282e+01
6.7793920900e+02	1.6624892318e+01
6.7866845700e+02	1.9979678624e+01
6.7939776600e+02	1.7105697491e+01
6.8012707500e+02	1.9580817436e+01
6.8085632300e+02	1.7033900960e+01
6.8158557100e+02	2.0522906685e+01
6.8231494100e+02	2.0038070895e+01
6.8304418900e+02	1.8832626361e+01
6.8377343800e+02	1.6567359597e+01
6.8450274700e+02	1.7658092792e+01
6.8523205600e+02	1.4423814079e+01
6.8596130400e+02	1.9658061510e+01
6.8669055200e+02	1.8512843758e+01
6.8741986100e+02	1.6155222677e+01
6.8814917000e+02	1.7088803902e+01
6.8887841800e+02	1.8020208058e+01
6.8960766600e+02	1.5766406104e+01
6.9033703600e+02	1.8859320361e+01
6.9106628400e+02	1.7002004240e+01
6.9179553200e+02	1.7961690567e+01
6.9252484100e+02	1.3044707906e+01
6.9325415000e+02	1.8300701804e+01
6.9398339800e+02	1.5944202128e+01
6.9471264600e+02	1.7141624939e+01
6.9544195600e+02	1.4628617305e+01
6.9617126500e+02	1.1693955567e+01
6.9690051300e+02	1.3031924863e+01
6.9762982200e+02	1.3879309119e+01
6.9835913100e+02	1.1325484658e+01
6.9908837900e+02	1.2880567534e+01
6.9981762700e+02	1.2591897269e+01
7.0054693600e+02	1.2361795227e+01
7.0127624500e+02	1.0105220093e+01
7.0200549300e+02	8.1561331488e+00
7.0273474100e+02	9.2464759200e+00
7.0346411100e+02	1.0142390233e+01
7.0419335900e+02	1.1256720221e+01
7.0492260700e+02	1.0958086477e+01
7.0565191700e+02	8.0524991791e+00
7.0638122600e+02	1.0517414927e+01
7.0711047400e+02	1.1827922355e+01
7.0783972200e+02	7.0980431867e+00
7.0856903100e+02	5.8697830209e+00
7.0929834000e+02	1.1076296890e+01
7.1002758800e+02	3.9650629562e+00
7.1075683600e+02	7.2109785840e+00
7.1148620600e+02	7.7850573457e+00
7.1221545400e+02	4.1899851866e+00
7.1294470200e+02	7.9041718539e+00
7.1367401100e+02	6.8132826578e+00
7.1440332000e+02	4.2143374387e+00
7.1513256800e+02	7.7621184223e+00
7.1586181600e+02	6.6369628585e+00
7.1659118700e+02	5.0990692527e+00
7.1732043500e+02	1.1588205384e+01
7.1804968300e+02	7.7467753779e+00
7.1877899200e+02	6.6520714253e+00
7.1950830100e+02	6.3745152181e+00
7.2023754900e+02	7.5595464115e+00
7.2096679700e+02	8.5233098531e+00
7.2169610600e+02	8.5887713694e+00
7.2242541500e+02	7.2573116568e+00
7.2315466300e+02	5.0999149989e+00
7.2388391100e+02	5.6484886479e+00
7.2461328100e+02	9.2545384416e+00
7.2534252900e+02	8.9753224704e+00
7.2607177700e+02	8.4392778248e+00
7.2680108600e+02	9.4197511146e+00
7.2753039600e+02	1.0875741749e+01
7.2825964400e+02	7.4806608992e+00
7.2898889200e+02	8.1832057583e+00
7.2971820100e+02	1.1710778798e+01
7.3044751000e+02	8.6015753139e+00
7.3117675800e+02	1.1461752173e+01
7.3190606700e+02	9.0091734742e+00
7.3263537600e+02	8.1142449414e+00
7.3336462400e+02	7.6010578757e+00
7.3409387200e+02	1.0270073584e+01
7.3482318100e+02	7.1344125172e+00
7.3555249000e+02	9.9664408689e+00
7.3628173800e+02	9.8360572401e+00
7.3701098600e+02	9.0184078543e+00
7.3774035600e+02	9.0094481155e+00
7.3846960400e+02	9.7659199997e+00
7.3919885300e+02	1.0093133363e+01
7.3992816200e+02	9.3468881511e+00
7.4065747100e+02	7.5830786093e+00
7.4138671900e+02	1.1443524560e+01
7.4211596700e+02	1.1049229418e+01
7.4284527600e+02	8.4835800182e+00
7.4357458500e+02	8.5303820005e+00
7.4430383300e+02	1.0115394694e+01
7.4503308100e+02	8.3067745888e+00
7.4576245100e+02	1.0235652206e+01
7.4649169900e+02	1.0352454845e+01
7.4722094700e+02	8.4746593626e+00
7.4795025600e+02	8.2682134237e+00
7.4867956500e+02	9.1194195233e+00
7.4940881300e+02	8.1887270333e+00
7.5013806200e+02	8.2004428657e+00
7.5086737100e+02	9.3192817757e+00
7.5159668000e+02	8.8832237994e+00
7.5232592800e+02	1.0365901287e+01
