# Filename: guide/20240730DG_PBS_77Kstreak_target_PC650e.ascii
 
Time explicit
Intervalnr 1
19.4186287
5.9239910900e+02	0.0000000000e+00
5.9669726600e+02	0.0000000000e+00
6.0099536100e+02	0.0000000000e+00
6.0529351800e+02	0.0000000000e+00
6.0959167500e+02	0.0000000000e+00
6.1388977100e+02	0.0000000000e+00
6.1818792700e+02	0.0000000000e+00
6.2248608400e+02	0.0000000000e+00
6.2678418000e+02	1.2975549512e+01
6.3108233600e+02	4.8555895791e+01
6.3538049300e+02	8.7910205149e+01
6.3967858900e+02	1.4516859760e+02
6.4397674600e+02	2.8357319396e+02
6.4827490200e+02	3.8232574872e+02
6.5257299800e+02	4.2696771461e+02
6.5687115500e+02	3.9892038105e+02
6.6116931200e+02	2.7669214693e+02
6.6546740700e+02	1.9605897871e+02
6.6976556400e+02	1.4961826653e+02
6.7406372100e+02	2.1257077015e+02
6.7836181600e+02	6.5525547128e+00
6.8265997300e+02	2.4197874105e+01
6.8695813000e+02	0.0000000000e+00
6.9125622600e+02	0.0000000000e+00
6.9555438200e+02	2.6365401362e+01
6.9985253900e+02	3.3306042187e+00
7.0415063500e+02	2.9752326604e+01
7.0844879200e+02	7.7969346663e+00
7.1274694800e+02	0.0000000000e+00
7.1704504400e+02	1.1389369863e+00
7.2134320100e+02	0.0000000000e+00
7.2564135700e+02	9.5611567001e+00
7.2993945300e+02	2.6197845391e+01
7.3423761000e+02	0.0000000000e+00
7.3853576700e+02	1.7297815424e+01
7.4283386200e+02	0.0000000000e+00
7.4713201900e+02	0.0000000000e+00
7.5143017600e+02	0.0000000000e+00
7.5572827100e+02	0.0000000000e+00
7.6002642800e+02	0.0000000000e+00
7.6432458500e+02	0.0000000000e+00
7.6862268100e+02	0.0000000000e+00
7.7292083700e+02	0.0000000000e+00
7.7721899400e+02	0.0000000000e+00
7.8151709000e+02	0.0000000000e+00
7.8581524700e+02	0.0000000000e+00
7.9011340300e+02	0.0000000000e+00
7.9441149900e+02	3.6750416594e+00
7.9870965600e+02	0.0000000000e+00
8.0300781200e+02	2.4661521620e+00
8.0730590800e+02	0.0000000000e+00
8.1160406500e+02	0.0000000000e+00
8.1590222200e+02	0.0000000000e+00
8.2020031700e+02	0.0000000000e+00
8.2449847400e+02	0.0000000000e+00
8.2879663100e+02	0.0000000000e+00
8.3309472700e+02	0.0000000000e+00
8.3739288300e+02	2.0796996091e-03
8.4169104000e+02	1.7580538271e+00
8.4598913600e+02	6.7050418162e-01
