# Filename: guide/20241113streak_DG_target_DA_FRL_PSI1.ascii
 
Time explicit
Intervalnr 1
11.0931988
6.2922522000e+02	0.0000000000e+00
6.3137426800e+02	0.0000000000e+00
6.3352331500e+02	0.0000000000e+00
6.3567242400e+02	0.0000000000e+00
6.3782147200e+02	0.0000000000e+00
6.3997052000e+02	0.0000000000e+00
6.4211962900e+02	0.0000000000e+00
6.4426867700e+02	0.0000000000e+00
6.4641772500e+02	0.0000000000e+00
6.4856683300e+02	0.0000000000e+00
6.5071588100e+02	0.0000000000e+00
6.5286492900e+02	0.0000000000e+00
6.5501403800e+02	0.0000000000e+00
6.5716308600e+02	0.0000000000e+00
6.5931213400e+02	0.0000000000e+00
6.6146124300e+02	0.0000000000e+00
6.6361029100e+02	0.0000000000e+00
6.6575933800e+02	0.0000000000e+00
6.6790844700e+02	0.0000000000e+00
6.7005749500e+02	0.0000000000e+00
6.7220654300e+02	0.0000000000e+00
6.7435565200e+02	0.0000000000e+00
6.7650470000e+02	0.0000000000e+00
6.7865374800e+02	0.0000000000e+00
6.8080285600e+02	2.8380236552e+01
6.8295190400e+02	4.3141193845e+01
6.8510095200e+02	5.4807687695e+01
6.8725006100e+02	6.1293413328e+01
6.8939910900e+02	6.2886250542e+01
6.9154815700e+02	5.0761483520e+01
6.9369726600e+02	5.3906348194e+01
6.9584631300e+02	5.5317993948e+01
6.9799536100e+02	5.9347304468e+01
7.0014447000e+02	6.1219322442e+01
7.0229351800e+02	6.7591396868e+01
7.0444256600e+02	7.2400615292e+01
7.0659167500e+02	8.5029839722e+01
7.0874072300e+02	9.4960472391e+01
7.1088977100e+02	1.0754808051e+02
7.1303881800e+02	1.1429141711e+02
7.1518792700e+02	1.1914787235e+02
7.1733697500e+02	1.1560719409e+02
7.1948608400e+02	1.1906498841e+02
7.2163513200e+02	1.1485829376e+02
7.2378418000e+02	1.0561879229e+02
7.2593322800e+02	1.0177907889e+02
7.2808233600e+02	8.9646264317e+01
7.3023138400e+02	8.4752582772e+01
7.3238049300e+02	7.5400083971e+01
7.3452954100e+02	6.1716485564e+01
7.3667858900e+02	5.8389012552e+01
7.3882763700e+02	5.0008283735e+01
7.4097674600e+02	4.7202637440e+01
7.4312579300e+02	3.4469114802e+01
7.4527490200e+02	3.6642419415e+01
7.4742395000e+02	2.9364577039e+01
7.4957299800e+02	2.7804034989e+01
7.5172204600e+02	2.2906191733e+01
7.5387115500e+02	2.1230541039e+01
7.5602020300e+02	2.1471468126e+01
7.5816931200e+02	1.8983906151e+01
7.6031835900e+02	1.8281786498e+01
7.6246740700e+02	1.6380134879e+01
7.6461645500e+02	1.5863987674e+01
7.6676556400e+02	1.4796210907e+01
7.6891461200e+02	1.5490177447e+01
7.7106372100e+02	1.3056472315e+01
7.7321276900e+02	1.3181169498e+01
7.7536181600e+02	1.1134201157e+01
7.7751086400e+02	1.1781850418e+01
7.7965997300e+02	1.0464356363e+01
7.8180902100e+02	1.0774213973e+01
7.8395813000e+02	9.2758172681e+00
7.8610717800e+02	8.4107896326e+00
7.8825622600e+02	8.7691831237e+00
7.9040527300e+02	8.9934034514e+00
7.9255438200e+02	7.2516344897e+00
7.9470343000e+02	6.6139109345e+00
7.9685253900e+02	6.6402659195e+00
7.9900158700e+02	6.9649624800e+00
8.0115063500e+02	6.1910095437e+00
8.0329968300e+02	4.8073362901e+00
8.0544879200e+02	4.2023950251e+00
8.0759783900e+02	3.8062793125e+00
8.0974694800e+02	3.6868263220e+00
8.1189599600e+02	1.4050383160e+00
8.1404504400e+02	3.6030451031e+00
8.1619409200e+02	5.7468441598e-01
8.1834320100e+02	2.9015361787e+00
8.2049224900e+02	7.9159166031e-01
8.2264135700e+02	1.8145294464e+00
8.2479040500e+02	2.8720315654e+00
8.2693945300e+02	1.4813219051e+00
8.2908850100e+02	9.1330145384e-01
8.3123761000e+02	4.5131892634e-01
8.3338665800e+02	0.0000000000e+00
8.3553576700e+02	3.8769665151e-01
8.3768481400e+02	4.4507619183e-01
8.3983386200e+02	2.5696616750e-01
8.4198291000e+02	0.0000000000e+00
8.4413201900e+02	1.8842126419e-01
8.4628106700e+02	4.7161586493e-01
8.4843017600e+02	1.7309813506e-01
