# Filename: guide/20240720PBS_RTstreak_target_PC650e.ascii
 
Time explicit
Intervalnr 1
352.41864
5.9025006100e+02	0.0000000000e+00
5.9239910900e+02	0.0000000000e+00
5.9454815700e+02	0.0000000000e+00
5.9669726600e+02	0.0000000000e+00
5.9884631300e+02	3.4431845328e+00
6.0099536100e+02	1.5468510736e+00
6.0314447000e+02	0.0000000000e+00
6.0529351800e+02	0.0000000000e+00
6.0744256600e+02	0.0000000000e+00
6.0959167500e+02	0.0000000000e+00
6.1174072300e+02	0.0000000000e+00
6.1388977100e+02	0.0000000000e+00
6.1603881800e+02	0.0000000000e+00
6.1818792700e+02	0.0000000000e+00
6.2033697500e+02	0.0000000000e+00
6.2248608400e+02	0.0000000000e+00
6.2463513200e+02	2.9706153682e+00
6.2678418000e+02	4.3209831421e+00
6.2893322800e+02	5.2038667573e+00
6.3108233600e+02	7.5979241597e+00
6.3323138400e+02	1.0000917049e+01
6.3538049300e+02	1.6395357470e+01
6.3752954100e+02	1.8843976234e+01
6.3967858900e+02	3.2954009912e+01
6.4182763700e+02	4.6317947808e+01
6.4397674600e+02	6.2482568049e+01
6.4612579300e+02	7.7090504136e+01
6.4827490200e+02	7.0802195816e+01
6.5042395000e+02	8.2218457480e+01
6.5257299800e+02	8.2796039420e+01
6.5472204600e+02	7.3690678220e+01
6.5687115500e+02	6.4688314452e+01
6.5902020300e+02	5.7094513703e+01
6.6116931200e+02	5.4539444659e+01
6.6331835900e+02	4.4072403317e+01
6.6546740700e+02	3.6114149527e+01
6.6761645500e+02	5.0972849323e+00
6.6976556400e+02	2.5700825662e+01
6.7191461200e+02	1.5990570967e+01
6.7406372100e+02	0.0000000000e+00
6.7621276900e+02	8.8420660851e+00
6.7836181600e+02	0.0000000000e+00
6.8051086400e+02	2.9942607302e+00
6.8265997300e+02	9.1088906880e-01
6.8480902100e+02	0.0000000000e+00
6.8695813000e+02	0.0000000000e+00
6.8910717800e+02	0.0000000000e+00
6.9125622600e+02	3.3327626878e+00
6.9340527300e+02	5.3281410357e-01
6.9555438200e+02	4.5919655367e+00
6.9770343000e+02	8.9219620001e+00
6.9985253900e+02	1.3545671098e+01
7.0200158700e+02	1.1574941527e+01
7.0415063500e+02	1.3431327716e+01
7.0629968300e+02	1.6350196157e+00
7.0844879200e+02	0.0000000000e+00
7.1059783900e+02	0.0000000000e+00
7.1274694800e+02	0.0000000000e+00
7.1489599600e+02	0.0000000000e+00
7.1704504400e+02	1.7799429160e+00
7.1919409200e+02	1.1631100054e+01
7.2134320100e+02	0.0000000000e+00
7.2349224900e+02	4.9953314992e-01
7.2564135700e+02	5.0945829404e+00
7.2779040500e+02	0.0000000000e+00
7.2993945300e+02	2.8986907476e+00
7.3208850100e+02	0.0000000000e+00
7.3423761000e+02	0.0000000000e+00
7.3638665800e+02	0.0000000000e+00
7.3853576700e+02	1.5350156541e+00
7.4068481400e+02	0.0000000000e+00
7.4283386200e+02	0.0000000000e+00
7.4498291000e+02	0.0000000000e+00
7.4713201900e+02	0.0000000000e+00
7.4928106700e+02	0.0000000000e+00
7.5143017600e+02	0.0000000000e+00
7.5357922400e+02	0.0000000000e+00
7.5572827100e+02	0.0000000000e+00
7.5787731900e+02	0.0000000000e+00
7.6002642800e+02	0.0000000000e+00
7.6217547600e+02	0.0000000000e+00
7.6432458500e+02	0.0000000000e+00
7.6647363300e+02	0.0000000000e+00
7.6862268100e+02	0.0000000000e+00
7.7077172900e+02	0.0000000000e+00
7.7292083700e+02	0.0000000000e+00
7.7506988500e+02	0.0000000000e+00
7.7721899400e+02	0.0000000000e+00
7.7936804200e+02	0.0000000000e+00
7.8151709000e+02	0.0000000000e+00
7.8366613800e+02	0.0000000000e+00
7.8581524700e+02	0.0000000000e+00
7.8796429400e+02	0.0000000000e+00
7.9011340300e+02	0.0000000000e+00
7.9226245100e+02	0.0000000000e+00
7.9441149900e+02	8.6141875677e-01
7.9656054700e+02	0.0000000000e+00
7.9870965600e+02	0.0000000000e+00
8.0085870400e+02	7.1710417097e-01
8.0300781200e+02	6.4410261450e-01
8.0515686000e+02	0.0000000000e+00
8.0730590800e+02	0.0000000000e+00
8.0945495600e+02	0.0000000000e+00
8.1160406500e+02	1.9612616065e+00
8.1375311300e+02	0.0000000000e+00
8.1590222200e+02	0.0000000000e+00
8.1805127000e+02	0.0000000000e+00
8.2020031700e+02	0.0000000000e+00
8.2234936500e+02	0.0000000000e+00
8.2449847400e+02	0.0000000000e+00
8.2664752200e+02	0.0000000000e+00
8.2879663100e+02	0.0000000000e+00
8.3094567900e+02	0.0000000000e+00
8.3309472700e+02	0.0000000000e+00
8.3524377400e+02	3.6577494655e-01
8.3739288300e+02	0.0000000000e+00
8.3954193100e+02	0.0000000000e+00
8.4169104000e+02	2.8943675005e-01
8.4384008800e+02	0.0000000000e+00
8.4598913600e+02	0.0000000000e+00
8.4813818400e+02	0.0000000000e+00
