# Filename: guide/20241113streak_WT_target_DA_FRL_PSII1.ascii
 
Time explicit
Intervalnr 1
11.0931988
6.2937426800e+02	0.0000000000e+00
6.3152331500e+02	0.0000000000e+00
6.3367242400e+02	0.0000000000e+00
6.3582147200e+02	0.0000000000e+00
6.3797052000e+02	0.0000000000e+00
6.4011962900e+02	0.0000000000e+00
6.4226867700e+02	0.0000000000e+00
6.4441772500e+02	0.0000000000e+00
6.4656683300e+02	0.0000000000e+00
6.4871588100e+02	0.0000000000e+00
6.5086492900e+02	0.0000000000e+00
6.5301403800e+02	0.0000000000e+00
6.5516308600e+02	0.0000000000e+00
6.5731213400e+02	0.0000000000e+00
6.5946124300e+02	4.2558903700e-01
6.6161029100e+02	6.7200764256e+00
6.6375933800e+02	2.4363661210e+01
6.6590844700e+02	4.5448988680e+01
6.6805749500e+02	5.4323270221e+01
6.7020654300e+02	6.5290995560e+01
6.7235565200e+02	6.7729327208e+01
6.7450470000e+02	6.3480591203e+01
6.7665374800e+02	6.1361208179e+01
6.7880285600e+02	6.8665125152e+01
6.8095190400e+02	5.6258364994e+01
6.8310095200e+02	1.0353040296e+02
6.8525006100e+02	1.2999286540e+02
6.8739910900e+02	1.6733144607e+02
6.8954815700e+02	1.6739660285e+02
6.9169726600e+02	1.6402256374e+02
6.9384631300e+02	1.3950090892e+02
6.9599536100e+02	1.3029832969e+02
6.9814447000e+02	1.0671730519e+02
7.0029351800e+02	1.0331034199e+02
7.0244256600e+02	8.3338753207e+01
7.0459167500e+02	7.3628363311e+01
7.0674072300e+02	6.5428437977e+01
7.0888977100e+02	5.3685856101e+01
7.1103881800e+02	4.2156929957e+01
7.1318792700e+02	3.2217538542e+01
7.1533697500e+02	2.0382782324e+01
7.1748608400e+02	1.7718826289e+01
7.1963513200e+02	6.9973157764e+00
7.2178418000e+02	5.8399117723e+00
7.2393322800e+02	0.0000000000e+00
7.2608233600e+02	0.0000000000e+00
7.2823138400e+02	0.0000000000e+00
7.3038049300e+02	4.7346989131e+00
7.3252954100e+02	8.1567765131e+00
7.3467858900e+02	7.8864085818e+00
7.3682763700e+02	1.5323756778e+01
7.3897674600e+02	1.4752322552e+01
7.4112579300e+02	2.1523467386e+01
7.4327490200e+02	2.2507117620e+01
7.4542395000e+02	3.0047399866e+01
7.4757299800e+02	3.1461467146e+01
7.4972204600e+02	2.9175477469e+01
7.5187115500e+02	3.3524818805e+01
7.5402020300e+02	3.4390397987e+01
7.5616931200e+02	3.2314669773e+01
7.5831835900e+02	3.0241302043e+01
7.6046740700e+02	2.7960231499e+01
7.6261645500e+02	2.3610095182e+01
7.6476556400e+02	2.3827486226e+01
7.6691461200e+02	2.4293272414e+01
7.6906372100e+02	2.0858154015e+01
7.7121276900e+02	2.0604597752e+01
7.7336181600e+02	1.8168497973e+01
7.7551086400e+02	1.5047749239e+01
7.7765997300e+02	1.3931931305e+01
7.7980902100e+02	1.2318315874e+01
7.8195813000e+02	1.1369690154e+01
7.8410717800e+02	1.0074712593e+01
7.8625622600e+02	6.3776522316e+00
7.8840527300e+02	6.9068175093e+00
7.9055438200e+02	4.3755406010e+00
7.9270343000e+02	4.8247168640e+00
7.9485253900e+02	5.5931008716e+00
7.9700158700e+02	3.9719557492e+00
7.9915063500e+02	4.5501151845e+00
8.0129968300e+02	3.5154216710e+00
8.0344879200e+02	4.1350585637e+00
8.0559783900e+02	1.5629707527e+00
8.0774694800e+02	2.8443947098e+00
8.0989599600e+02	3.8235836582e+00
8.1204504400e+02	3.6316559216e+00
8.1419409200e+02	2.7898746586e+00
8.1634320100e+02	1.8152485868e+00
8.1849224900e+02	2.2146623048e+00
8.2064135700e+02	2.6258411232e+00
8.2279040500e+02	2.0164887493e+00
8.2493945300e+02	3.4880804339e+00
8.2708850100e+02	2.7474805840e+00
8.2923761000e+02	2.5334142048e+00
8.3138665800e+02	3.2888612020e+00
8.3353576700e+02	3.3430599461e+00
8.3568481400e+02	3.5325053186e+00
8.3783386200e+02	3.7758131299e+00
8.3998291000e+02	3.1507194287e+00
8.4213201900e+02	2.2944125336e+00
8.4428106700e+02	2.2859742064e+00
8.4643017600e+02	3.3051369573e+00
8.4857922400e+02	2.6838317261e+00
