# Filename: guide/20240729PSend_77Kstreak_target_FRL610r1.ascii
 
Time explicit
Intervalnr 1
11.0931988
6.2922522000e+02	1.6277160677e+01
6.3137426800e+02	7.4740379851e+01
6.3352331500e+02	1.1944142206e+02
6.3567242400e+02	3.3514404736e+02
6.3782147200e+02	5.2448527467e+02
6.3997052000e+02	7.4549809140e+02
6.4211962900e+02	9.9945773539e+02
6.4426867700e+02	1.3841439024e+03
6.4641772500e+02	1.6638788024e+03
6.4856683300e+02	2.0111995139e+03
6.5071588100e+02	2.2074127726e+03
6.5286492900e+02	2.2695464696e+03
6.5501403800e+02	2.5129868682e+03
6.5716308600e+02	2.5463641169e+03
6.5931213400e+02	2.5379466095e+03
6.6146124300e+02	2.4601377372e+03
6.6361029100e+02	2.2082635278e+03
6.6575933800e+02	1.9051838635e+03
6.6790844700e+02	1.7636510566e+03
6.7005749500e+02	1.4024134785e+03
6.7220654300e+02	1.3280732048e+03
6.7435565200e+02	1.1742673233e+03
6.7650470000e+02	9.9141090579e+02
6.7865374800e+02	9.1839632359e+02
6.8080285600e+02	8.6511677802e+02
6.8295190400e+02	7.7234238513e+02
6.8510095200e+02	7.6434291205e+02
6.8725006100e+02	7.0623928602e+02
6.8939910900e+02	7.0139816342e+02
6.9154815700e+02	6.7387941448e+02
6.9369726600e+02	5.8897640342e+02
6.9584631300e+02	6.4332973597e+02
6.9799536100e+02	6.9032364963e+02
7.0014447000e+02	6.1884355209e+02
7.0229351800e+02	5.9036692840e+02
7.0444256600e+02	6.0697204290e+02
7.0659167500e+02	6.1709046355e+02
7.0874072300e+02	6.3514410516e+02
7.1088977100e+02	6.3793363661e+02
7.1303881800e+02	5.7507366292e+02
7.1518792700e+02	5.3916854244e+02
7.1733697500e+02	5.2311727688e+02
7.1948608400e+02	4.9755266335e+02
7.2163513200e+02	4.7074272020e+02
7.2378418000e+02	4.4045777527e+02
7.2593322800e+02	4.6003558550e+02
7.2808233600e+02	4.4105332174e+02
7.3023138400e+02	3.8249055204e+02
7.3238049300e+02	3.7632284771e+02
7.3452954100e+02	2.8813968991e+02
7.3667858900e+02	2.8104033099e+02
7.3882763700e+02	2.4192797592e+02
7.4097674600e+02	2.4201957394e+02
7.4312579300e+02	2.1872375767e+02
7.4527490200e+02	2.2076449064e+02
7.4742395000e+02	1.9314543147e+02
7.4957299800e+02	1.2985600241e+02
7.5172204600e+02	1.1062995084e+02
7.5387115500e+02	1.1245904166e+02
7.5602020300e+02	8.4387229810e+01
7.5816931200e+02	1.2338539063e+02
7.6031835900e+02	6.6052619731e+01
7.6246740700e+02	8.6716062116e+01
7.6461645500e+02	4.9970913091e+01
7.6676556400e+02	5.0907155131e+01
7.6891461200e+02	3.7355919616e+01
7.7106372100e+02	3.7004258520e+01
7.7321276900e+02	4.7177799613e+01
7.7536181600e+02	3.3831913702e+01
7.7751086400e+02	4.6171459273e+01
7.7965997300e+02	5.2264756216e+01
7.8180902100e+02	1.8131448491e+01
7.8395813000e+02	3.1400234427e+01
7.8610717800e+02	4.8521947673e+01
7.8825622600e+02	1.9204255527e+01
7.9040527300e+02	2.2848031115e+01
7.9255438200e+02	2.0029567807e+01
7.9470343000e+02	3.7985569977e+01
7.9685253900e+02	2.8851472037e+01
7.9900158700e+02	2.7769785648e+01
8.0115063500e+02	2.3507672512e+01
8.0329968300e+02	1.7630689779e+01
8.0544879200e+02	2.8904827444e+01
8.0759783900e+02	1.3085499994e+01
8.0974694800e+02	6.5843500200e+00
8.1189599600e+02	1.0961399804e+01
8.1404504400e+02	9.9237658293e+00
8.1619409200e+02	1.1519170042e+01
8.1834320100e+02	1.5788025510e+01
8.2049224900e+02	2.0031774335e+01
8.2264135700e+02	2.2490018370e+01
8.2479040500e+02	9.9322498061e+00
8.2693945300e+02	1.0654350362e+00
8.2908850100e+02	1.7284335534e+01
8.3123761000e+02	1.6494460363e+00
8.3338665800e+02	6.6421590929e+00
8.3553576700e+02	1.9015003335e+01
8.3768481400e+02	5.1219916802e+00
8.3983386200e+02	3.4306612725e+00
8.4198291000e+02	3.8658582113e+00
8.4413201900e+02	0.0000000000e+00
8.4628106700e+02	2.4590799794e+00
8.4843017600e+02	2.7192586702e+00
