# Filename: guide/20241127streak_WT_target_DA_FRL_APC680.ascii
 
Time explicit
Intervalnr 1
11.0931988
6.2937426800e+02	1.1959113229e-06
6.3152331500e+02	1.1472638095e-05
6.3367242400e+02	0.0000000000e+00
6.3582147200e+02	0.0000000000e+00
6.3797052000e+02	0.0000000000e+00
6.4011962900e+02	6.5183045975e-05
6.4226867700e+02	0.0000000000e+00
6.4441772500e+02	0.0000000000e+00
6.4656683300e+02	1.2188568783e-05
6.4871588100e+02	3.8165227480e-04
6.5086492900e+02	2.8025262262e-04
6.5301403800e+02	2.2745661130e-04
6.5516308600e+02	2.4805485415e-04
6.5731213400e+02	6.6352785201e-04
6.5946124300e+02	1.6085222564e-03
6.6161029100e+02	2.0805110065e-03
6.6375933800e+02	2.7668064514e-03
6.6590844700e+02	4.2230174229e-03
6.6805749500e+02	5.1316381244e-03
6.7020654300e+02	6.9192434146e-03
6.7235565200e+02	1.0382789741e-02
6.7450470000e+02	1.6313163145e-02
6.7665374800e+02	2.3728463306e-02
6.7880285600e+02	3.2752185679e-02
6.8095190400e+02	3.6483126906e-02
6.8310095200e+02	3.9865792838e-02
6.8525006100e+02	3.7065230461e-02
6.8739910900e+02	3.1479119396e-02
6.8954815700e+02	2.4741636508e-02
6.9169726600e+02	1.8637800906e-02
6.9384631300e+02	1.3988360173e-02
6.9599536100e+02	1.1228550498e-02
6.9814447000e+02	8.5139597256e-03
7.0029351800e+02	7.4002510444e-03
7.0244256600e+02	5.4971240531e-03
7.0459167500e+02	5.7803158447e-03
7.0674072300e+02	5.4320824462e-03
7.0888977100e+02	4.4226990614e-03
7.1103881800e+02	4.2576510757e-03
7.1318792700e+02	4.0454776454e-03
7.1533697500e+02	4.3910233927e-03
7.1748608400e+02	3.9486166415e-03
7.1963513200e+02	3.4523497837e-03
7.2178418000e+02	3.4066570312e-03
7.2393322800e+02	3.3919093033e-03
7.2608233600e+02	3.2364028786e-03
7.2823138400e+02	3.4362872878e-03
7.3038049300e+02	2.9827449710e-03
7.3252954100e+02	3.1822405117e-03
7.3467858900e+02	2.8356346551e-03
7.3682763700e+02	3.5382991625e-03
7.3897674600e+02	3.3827637906e-03
7.4112579300e+02	3.7802032510e-03
7.4327490200e+02	3.7922186543e-03
7.4542395000e+02	4.0386041118e-03
7.4757299800e+02	4.2457425874e-03
7.4972204600e+02	4.1266905297e-03
7.5187115500e+02	4.0103624050e-03
7.5402020300e+02	3.9073439047e-03
7.5616931200e+02	3.3967352886e-03
7.5831835900e+02	3.2199211888e-03
7.6046740700e+02	3.1471219412e-03
7.6261645500e+02	2.9836804267e-03
7.6476556400e+02	2.7546110586e-03
7.6691461200e+02	2.8468021589e-03
7.6906372100e+02	2.4450733163e-03
7.7121276900e+02	2.1771285894e-03
7.7336181600e+02	1.8705755860e-03
7.7551086400e+02	1.7166662810e-03
7.7765997300e+02	1.4027301217e-03
7.7980902100e+02	1.3701553899e-03
7.8195813000e+02	1.0929065733e-03
7.8410717800e+02	9.5389295265e-04
7.8625622600e+02	8.6500771179e-04
7.8840527300e+02	7.7259452856e-04
7.9055438200e+02	5.8406612450e-04
7.9270343000e+02	5.7116323103e-04
7.9485253900e+02	5.8373432896e-04
7.9700158700e+02	5.7545146207e-04
7.9915063500e+02	4.6375188356e-04
8.0129968300e+02	5.1685774365e-04
8.0344879200e+02	4.4732184635e-04
8.0559783900e+02	4.0127643892e-04
8.0774694800e+02	4.6646857666e-04
8.0989599600e+02	3.7601570964e-04
8.1204504400e+02	4.4749193991e-04
8.1419409200e+02	4.2036238725e-04
8.1634320100e+02	3.7120838084e-04
8.1849224900e+02	4.4168038662e-04
8.2064135700e+02	3.3846058761e-04
8.2279040500e+02	2.7487936021e-04
8.2493945300e+02	3.4231538355e-04
8.2708850100e+02	2.2476003129e-04
8.2923761000e+02	2.9307388027e-04
8.3138665800e+02	3.3149419142e-04
8.3353576700e+02	2.2392042097e-04
8.3568481400e+02	1.9379052173e-04
8.3783386200e+02	2.6758256867e-04
8.3998291000e+02	2.2649752322e-04
8.4213201900e+02	2.2769594704e-04
8.4428106700e+02	2.1722126963e-04
8.4643017600e+02	2.3343859213e-04
8.4857922400e+02	1.8539896111e-04
