# Filename: guide/20240729PSend_77Kstreak_target_PSIIend.ascii
 
Time explicit
Intervalnr 1
11.0931988
6.2922522000e+02	1.4291478680e+01
6.3137426800e+02	1.5039730364e+01
6.3352331500e+02	1.5594888369e+01
6.3567242400e+02	1.7826705644e+01
6.3782147200e+02	1.8561812971e+01
6.3997052000e+02	1.9788030754e+01
6.4211962900e+02	2.2821593791e+01
6.4426867700e+02	2.5850067259e+01
6.4641772500e+02	2.7474708681e+01
6.4856683300e+02	2.7908727600e+01
6.5071588100e+02	3.2899658192e+01
6.5286492900e+02	3.0442986202e+01
6.5501403800e+02	3.3101931285e+01
6.5716308600e+02	3.6756309828e+01
6.5931213400e+02	3.7481054007e+01
6.6146124300e+02	3.7974080981e+01
6.6361029100e+02	3.6516049335e+01
6.6575933800e+02	3.7027438483e+01
6.6790844700e+02	3.2916434645e+01
6.7005749500e+02	3.3566677364e+01
6.7220654300e+02	3.1654181726e+01
6.7435565200e+02	3.6978596252e+01
6.7650470000e+02	4.6066189103e+01
6.7865374800e+02	5.5202891532e+01
6.8080285600e+02	7.2943929425e+01
6.8295190400e+02	8.8060776795e+01
6.8510095200e+02	9.2395590586e+01
6.8725006100e+02	9.2519115830e+01
6.8939910900e+02	8.9154858476e+01
6.9154815700e+02	1.0000140328e+02
6.9369726600e+02	1.1355473204e+02
6.9584631300e+02	1.3283425622e+02
6.9799536100e+02	1.3467984648e+02
7.0014447000e+02	1.1952077728e+02
7.0229351800e+02	1.0797517441e+02
7.0444256600e+02	8.6158300570e+01
7.0659167500e+02	7.3974714416e+01
7.0874072300e+02	6.7615386900e+01
7.1088977100e+02	6.5172800050e+01
7.1303881800e+02	6.9757786238e+01
7.1518792700e+02	7.2606729297e+01
7.1733697500e+02	8.1643016807e+01
7.1948608400e+02	8.1456653086e+01
7.2163513200e+02	8.2446892771e+01
7.2378418000e+02	8.6962531226e+01
7.2593322800e+02	8.0984180406e+01
7.2808233600e+02	9.3112887323e+01
7.3023138400e+02	8.3853391441e+01
7.3238049300e+02	7.0149115165e+01
7.3452954100e+02	8.2221819896e+01
7.3667858900e+02	8.3194831882e+01
7.3882763700e+02	7.0000388554e+01
7.4097674600e+02	6.5909956991e+01
7.4312579300e+02	5.6264401666e+01
7.4527490200e+02	5.4413141479e+01
7.4742395000e+02	6.4535555425e+01
7.4957299800e+02	5.4231991523e+01
7.5172204600e+02	4.7734792432e+01
7.5387115500e+02	4.5882071499e+01
7.5602020300e+02	4.1764529099e+01
7.5816931200e+02	4.4906999139e+01
7.6031835900e+02	4.0677935791e+01
7.6246740700e+02	3.7716092804e+01
7.6461645500e+02	3.8095016744e+01
7.6676556400e+02	3.1682174786e+01
7.6891461200e+02	3.5022638815e+01
7.7106372100e+02	3.2288853380e+01
7.7321276900e+02	2.6208358331e+01
7.7536181600e+02	3.5263609879e+01
7.7751086400e+02	2.5664978894e+01
7.7965997300e+02	2.7440334645e+01
7.8180902100e+02	2.6927038263e+01
7.8395813000e+02	2.4474407903e+01
7.8610717800e+02	2.6445529173e+01
7.8825622600e+02	2.3634858350e+01
7.9040527300e+02	2.5729441599e+01
7.9255438200e+02	2.1285905729e+01
7.9470343000e+02	1.8458195144e+01
7.9685253900e+02	1.7742958690e+01
7.9900158700e+02	1.8806917918e+01
8.0115063500e+02	1.6787741665e+01
8.0329968300e+02	1.7358459142e+01
8.0544879200e+02	1.5694918618e+01
8.0759783900e+02	1.8730683459e+01
8.0974694800e+02	1.9325949116e+01
8.1189599600e+02	1.3127406279e+01
8.1404504400e+02	1.5223196734e+01
8.1619409200e+02	1.6442229937e+01
8.1834320100e+02	1.5717697815e+01
8.2049224900e+02	1.4880325979e+01
8.2264135700e+02	1.3465377909e+01
8.2479040500e+02	1.0394547936e+01
8.2693945300e+02	1.2567264706e+01
8.2908850100e+02	1.1110870215e+01
8.3123761000e+02	1.1494784700e+01
8.3338665800e+02	1.2227361203e+01
8.3553576700e+02	1.0780975938e+01
8.3768481400e+02	1.0349111677e+01
8.3983386200e+02	1.0396678103e+01
8.4198291000e+02	9.5084662130e+00
8.4413201900e+02	1.0804374884e+01
8.4628106700e+02	9.1656213231e+00
8.4843017600e+02	1.0964963964e+01
