# Filename: guide/20241113streak_WT_target_DA_FRL_APC680.ascii
 
Time explicit
Intervalnr 1
11.0931988
6.2937426800e+02	2.3912713829e-01
6.3152331500e+02	2.5076248356e-01
6.3367242400e+02	0.0000000000e+00
6.3582147200e+02	0.0000000000e+00
6.3797052000e+02	0.0000000000e+00
6.4011962900e+02	0.0000000000e+00
6.4226867700e+02	0.0000000000e+00
6.4441772500e+02	0.0000000000e+00
6.4656683300e+02	0.0000000000e+00
6.4871588100e+02	0.0000000000e+00
6.5086492900e+02	0.0000000000e+00
6.5301403800e+02	0.0000000000e+00
6.5516308600e+02	7.0481033116e-01
6.5731213400e+02	2.0212870756e+00
6.5946124300e+02	6.1875226441e+00
6.6161029100e+02	7.4859412783e+00
6.6375933800e+02	1.0682707900e+01
6.6590844700e+02	1.6655789644e+01
6.6805749500e+02	2.0943124225e+01
6.7020654300e+02	2.7507655848e+01
6.7235565200e+02	4.0467941849e+01
6.7450470000e+02	6.1696808458e+01
6.7665374800e+02	8.9309723931e+01
6.7880285600e+02	1.2365331439e+02
6.8095190400e+02	1.3786228090e+02
6.8310095200e+02	1.5080610050e+02
6.8525006100e+02	1.4090427902e+02
6.8739910900e+02	1.2047553985e+02
6.8954815700e+02	9.5654319691e+01
6.9169726600e+02	7.2205617319e+01
6.9384631300e+02	5.4071210709e+01
6.9599536100e+02	4.3524758100e+01
6.9814447000e+02	3.3296797210e+01
7.0029351800e+02	2.9048506948e+01
7.0244256600e+02	2.1463824061e+01
7.0459167500e+02	2.1960776299e+01
7.0674072300e+02	2.1118311999e+01
7.0888977100e+02	1.7471020660e+01
7.1103881800e+02	1.6917356535e+01
7.1318792700e+02	1.6256206495e+01
7.1533697500e+02	1.6899311951e+01
7.1748608400e+02	1.5539642220e+01
7.1963513200e+02	1.3212542663e+01
7.2178418000e+02	1.2790161643e+01
7.2393322800e+02	1.2686722688e+01
7.2608233600e+02	1.2089544695e+01
7.2823138400e+02	1.2644957054e+01
7.3038049300e+02	1.1349255745e+01
7.3252954100e+02	1.2154138959e+01
7.3467858900e+02	1.0873718782e+01
7.3682763700e+02	1.3729791822e+01
7.3897674600e+02	1.2734906980e+01
7.4112579300e+02	1.4130771589e+01
7.4327490200e+02	1.4409271542e+01
7.4542395000e+02	1.5610178439e+01
7.4757299800e+02	1.6561624878e+01
7.4972204600e+02	1.5715574567e+01
7.5187115500e+02	1.5507863991e+01
7.5402020300e+02	1.5463859427e+01
7.5616931200e+02	1.3516471286e+01
7.5831835900e+02	1.2597433072e+01
7.6046740700e+02	1.2247611269e+01
7.6261645500e+02	1.1429347580e+01
7.6476556400e+02	1.0716732004e+01
7.6691461200e+02	1.1136859420e+01
7.6906372100e+02	9.6827528773e+00
7.7121276900e+02	8.4632996615e+00
7.7336181600e+02	7.2131688511e+00
7.7551086400e+02	6.7183636203e+00
7.7765997300e+02	5.3829979583e+00
7.7980902100e+02	5.2311903698e+00
7.8195813000e+02	4.1894798682e+00
7.8410717800e+02	3.6608864885e+00
7.8625622600e+02	3.0852307298e+00
7.8840527300e+02	2.9885880128e+00
7.9055438200e+02	2.0422522237e+00
7.9270343000e+02	2.0120419336e+00
7.9485253900e+02	2.2549315739e+00
7.9700158700e+02	2.0849214363e+00
7.9915063500e+02	1.6468890721e+00
8.0129968300e+02	1.8831274178e+00
8.0344879200e+02	1.7105399556e+00
8.0559783900e+02	1.3710862207e+00
8.0774694800e+02	1.7695850042e+00
8.0989599600e+02	1.5009285350e+00
8.1204504400e+02	1.6973024559e+00
8.1419409200e+02	1.4053125465e+00
8.1634320100e+02	1.1418175682e+00
8.1849224900e+02	1.3257673463e+00
8.2064135700e+02	9.8503539188e-01
8.2279040500e+02	6.5214044411e-01
8.2493945300e+02	1.2044849304e+00
8.2708850100e+02	7.4656729147e-01
8.2923761000e+02	9.8078523012e-01
8.3138665800e+02	1.1982444492e+00
8.3353576700e+02	8.6183322808e-01
8.3568481400e+02	7.8941585498e-01
8.3783386200e+02	9.9994474765e-01
8.3998291000e+02	8.3594939310e-01
8.4213201900e+02	8.4313920255e-01
8.4428106700e+02	8.1252660329e-01
8.4643017600e+02	8.6939128890e-01
8.4857922400e+02	7.1085273670e-01
