# Filename: guide/20241127streak_DG_target_DA_FRL_PSII3.ascii
 
Time explicit
Intervalnr 1
11.0931988
6.2922522000e+02	8.0765054225e-04
6.3137426800e+02	8.0163229200e-04
6.3352331500e+02	8.6471951068e-04
6.3567242400e+02	8.1857778259e-04
6.3782147200e+02	8.3769864547e-04
6.3997052000e+02	8.5912967413e-04
6.4211962900e+02	8.4760018903e-04
6.4426867700e+02	8.7224965812e-04
6.4641772500e+02	9.5790923217e-04
6.4856683300e+02	9.2616800470e-04
6.5071588100e+02	1.4199581339e-03
6.5286492900e+02	2.0975826686e-03
6.5501403800e+02	2.6704728581e-03
6.5716308600e+02	2.9762823645e-03
6.5931213400e+02	3.0601747563e-03
6.6146124300e+02	3.0722645979e-03
6.6361029100e+02	2.7657088323e-03
6.6575933800e+02	1.6979789383e-03
6.6790844700e+02	2.2906733845e-03
6.7005749500e+02	2.1379225537e-03
6.7220654300e+02	2.4084814658e-03
6.7435565200e+02	3.0265641145e-03
6.7650470000e+02	3.8066540886e-03
6.7865374800e+02	4.7797995708e-03
6.8080285600e+02	6.2207176717e-03
6.8295190400e+02	7.3870763361e-03
6.8510095200e+02	8.1956121347e-03
6.8725006100e+02	8.7769234137e-03
6.8939910900e+02	9.3756166873e-03
6.9154815700e+02	1.0620600717e-02
6.9369726600e+02	1.2896529356e-02
6.9584631300e+02	1.4393975488e-02
6.9799536100e+02	1.4722352668e-02
7.0014447000e+02	1.1550136363e-02
7.0229351800e+02	9.9508378378e-03
7.0444256600e+02	7.9793072680e-03
7.0659167500e+02	7.1196371503e-03
7.0874072300e+02	6.7391285163e-03
7.1088977100e+02	6.6314985298e-03
7.1303881800e+02	6.6345325526e-03
7.1518792700e+02	6.7646993450e-03
7.1733697500e+02	6.5583194878e-03
7.1948608400e+02	6.7338903905e-03
7.2163513200e+02	6.1114726876e-03
7.2378418000e+02	5.8074349921e-03
7.2593322800e+02	5.1067506586e-03
7.2808233600e+02	4.5810378663e-03
7.3023138400e+02	4.2167262519e-03
7.3238049300e+02	3.6899578874e-03
7.3452954100e+02	3.2225318575e-03
7.3667858900e+02	3.2151243966e-03
7.3882763700e+02	2.6848693830e-03
7.4097674600e+02	2.2101840419e-03
7.4312579300e+02	2.2515194677e-03
7.4527490200e+02	2.5279687621e-03
7.4742395000e+02	2.6231916682e-03
7.4957299800e+02	2.4877585929e-03
7.5172204600e+02	2.5236761021e-03
7.5387115500e+02	2.5682426803e-03
7.5602020300e+02	2.5586567351e-03
7.5816931200e+02	3.0059351551e-03
7.6031835900e+02	2.6659433893e-03
7.6246740700e+02	2.5301267714e-03
7.6461645500e+02	2.6362930855e-03
7.6676556400e+02	2.4873254670e-03
7.6891461200e+02	2.1240752772e-03
7.7106372100e+02	2.2414547597e-03
7.7321276900e+02	2.1009408383e-03
7.7536181600e+02	2.1520977424e-03
7.7751086400e+02	2.0477154768e-03
7.7965997300e+02	1.8628838332e-03
7.8180902100e+02	1.5092882607e-03
7.8395813000e+02	1.6322645515e-03
7.8610717800e+02	1.6813370833e-03
7.8825622600e+02	1.2553329142e-03
7.9040527300e+02	1.5448679959e-03
7.9255438200e+02	1.2685600491e-03
7.9470343000e+02	1.2217896253e-03
7.9685253900e+02	9.1260613775e-04
7.9900158700e+02	1.0823476421e-03
8.0115063500e+02	1.1403951082e-03
8.0329968300e+02	1.0380625616e-03
8.0544879200e+02	8.9198126815e-04
8.0759783900e+02	8.9919336162e-04
8.0974694800e+02	9.8718350082e-04
8.1189599600e+02	7.3537374090e-04
8.1404504400e+02	9.1924070112e-04
8.1619409200e+02	7.3090492682e-04
8.1834320100e+02	6.8352753726e-04
8.2049224900e+02	7.0326984996e-04
8.2264135700e+02	6.0998849306e-04
8.2479040500e+02	5.8198533099e-04
8.2693945300e+02	6.6854575664e-04
8.2908850100e+02	7.2636837966e-04
8.3123761000e+02	6.9423448931e-04
8.3338665800e+02	6.2499994813e-04
8.3553576700e+02	7.2308497232e-04
8.3768481400e+02	5.5615445227e-04
8.3983386200e+02	6.8705474376e-04
8.4198291000e+02	6.3994856969e-04
8.4413201900e+02	6.0137058013e-04
8.4628106700e+02	6.0195946109e-04
8.4843017600e+02	6.0548969114e-04
