# Filename: guide/20241113streak_WT_target_DA_FRL_PSII2.ascii
 
Time explicit
Intervalnr 1
11.0931988
6.2937426800e+02	7.1788693750e-01
6.3152331500e+02	7.7156915893e-01
6.3367242400e+02	6.9780234230e-01
6.3582147200e+02	7.0437853089e-01
6.3797052000e+02	6.4991657893e-01
6.4011962900e+02	8.6315822555e-01
6.4226867700e+02	1.0695293320e+00
6.4441772500e+02	1.2399719844e+00
6.4656683300e+02	1.3659666907e+00
6.4871588100e+02	2.3993169206e+00
6.5086492900e+02	2.2078723667e+00
6.5301403800e+02	2.3041937128e+00
6.5516308600e+02	2.7612072374e+00
6.5731213400e+02	3.5363366377e+00
6.5946124300e+02	4.5243002891e+00
6.6161029100e+02	5.1112925221e+00
6.6375933800e+02	5.4725111457e+00
6.6590844700e+02	8.2642594427e+00
6.6805749500e+02	8.5384545143e+00
6.7020654300e+02	9.6714559109e+00
6.7235565200e+02	1.0951845537e+01
6.7450470000e+02	1.0637253596e+01
6.7665374800e+02	1.0035476788e+01
6.7880285600e+02	1.1344837502e+01
6.8095190400e+02	1.3030688516e+01
6.8310095200e+02	1.7056905579e+01
6.8525006100e+02	2.0508644359e+01
6.8739910900e+02	2.2860592190e+01
6.8954815700e+02	2.5988355488e+01
6.9169726600e+02	2.6125037527e+01
6.9384631300e+02	2.5761813606e+01
6.9599536100e+02	2.5110590893e+01
6.9814447000e+02	2.1017978363e+01
7.0029351800e+02	1.7974771031e+01
7.0244256600e+02	1.5056830755e+01
7.0459167500e+02	1.2830969801e+01
7.0674072300e+02	1.1176181944e+01
7.0888977100e+02	1.0078295006e+01
7.1103881800e+02	9.4917395992e+00
7.1318792700e+02	8.4476015301e+00
7.1533697500e+02	7.9625533637e+00
7.1748608400e+02	8.2378799321e+00
7.1963513200e+02	7.5203049946e+00
7.2178418000e+02	7.3984839251e+00
7.2393322800e+02	7.4180167168e+00
7.2608233600e+02	7.0189352528e+00
7.2823138400e+02	7.2280557809e+00
7.3038049300e+02	7.0179957823e+00
7.3252954100e+02	6.6287884766e+00
7.3467858900e+02	6.2384961407e+00
7.3682763700e+02	6.6434352724e+00
7.3897674600e+02	6.4507506371e+00
7.4112579300e+02	6.9594165397e+00
7.4327490200e+02	6.7194831369e+00
7.4542395000e+02	6.2701102017e+00
7.4757299800e+02	6.9129316589e+00
7.4972204600e+02	6.9545578821e+00
7.5187115500e+02	7.0552515450e+00
7.5402020300e+02	6.8568298441e+00
7.5616931200e+02	6.7139702617e+00
7.5831835900e+02	6.1791438195e+00
7.6046740700e+02	5.6979828488e+00
7.6261645500e+02	5.3052991273e+00
7.6476556400e+02	4.7845738546e+00
7.6691461200e+02	4.4549672537e+00
7.6906372100e+02	4.7181601295e+00
7.7121276900e+02	3.7839874771e+00
7.7336181600e+02	3.5296662096e+00
7.7551086400e+02	3.4141149765e+00
7.7765997300e+02	3.0197198115e+00
7.7980902100e+02	2.8509157510e+00
7.8195813000e+02	2.5148168101e+00
7.8410717800e+02	2.0087910416e+00
7.8625622600e+02	1.9826395669e+00
7.8840527300e+02	1.7351631403e+00
7.9055438200e+02	1.5015213669e+00
7.9270343000e+02	1.7333311083e+00
7.9485253900e+02	1.3697651389e+00
7.9700158700e+02	1.3325003418e+00
7.9915063500e+02	8.9742616175e-01
8.0129968300e+02	1.1018051178e+00
8.0344879200e+02	1.0602921187e+00
8.0559783900e+02	1.1210583660e+00
8.0774694800e+02	1.1010133933e+00
8.0989599600e+02	9.7478585000e-01
8.1204504400e+02	9.1838196483e-01
8.1419409200e+02	8.8091637578e-01
8.1634320100e+02	9.7177832912e-01
8.1849224900e+02	9.0230829663e-01
8.2064135700e+02	8.0356353266e-01
8.2279040500e+02	8.4866371015e-01
8.2493945300e+02	6.0961295026e-01
8.2708850100e+02	5.9366270050e-01
8.2923761000e+02	6.7069255927e-01
8.3138665800e+02	6.5134558061e-01
8.3353576700e+02	5.7529108430e-01
8.3568481400e+02	5.5991885904e-01
8.3783386200e+02	5.6176522842e-01
8.3998291000e+02	5.4521569803e-01
8.4213201900e+02	4.5196509381e-01
8.4428106700e+02	6.1345211551e-01
8.4643017600e+02	3.8299042120e-01
8.4857922400e+02	4.0819879508e-01
