# Filename: guide/20241111PSI__streak_targetWT_APC680.ascii
 
Time explicit
Intervalnr 1
11.0931988
6.2937426800e+02	1.1075806786e+01
6.3152331500e+02	9.6714973698e+00
6.3367242400e+02	6.8392685505e+00
6.3582147200e+02	3.1788876399e+00
6.3797052000e+02	0.0000000000e+00
6.4011962900e+02	0.0000000000e+00
6.4226867700e+02	0.0000000000e+00
6.4441772500e+02	0.0000000000e+00
6.4656683300e+02	0.0000000000e+00
6.4871588100e+02	0.0000000000e+00
6.5086492900e+02	0.0000000000e+00
6.5301403800e+02	0.0000000000e+00
6.5516308600e+02	0.0000000000e+00
6.5731213400e+02	4.4392555700e+00
6.5946124300e+02	1.4014748014e+01
6.6161029100e+02	1.9027067615e+01
6.6375933800e+02	3.0538156812e+01
6.6590844700e+02	4.4516180572e+01
6.6805749500e+02	4.9202227617e+01
6.7020654300e+02	5.6225577799e+01
6.7235565200e+02	6.9641214618e+01
6.7450470000e+02	8.0955691895e+01
6.7665374800e+02	9.8397117603e+01
6.7880285600e+02	1.2415159438e+02
6.8095190400e+02	1.3645582227e+02
6.8310095200e+02	1.5594767174e+02
6.8525006100e+02	1.5507951137e+02
6.8739910900e+02	1.4915866535e+02
6.8954815700e+02	1.3444027836e+02
6.9169726600e+02	1.2232729270e+02
6.9384631300e+02	1.0529044279e+02
6.9599536100e+02	9.4590219734e+01
6.9814447000e+02	7.6360276203e+01
7.0029351800e+02	7.0661033308e+01
7.0244256600e+02	5.8564651111e+01
7.0459167500e+02	5.4162889317e+01
7.0674072300e+02	4.8873032521e+01
7.0888977100e+02	4.1971675343e+01
7.1103881800e+02	3.5806166847e+01
7.1318792700e+02	2.9081142216e+01
7.1533697500e+02	2.4559966410e+01
7.1748608400e+02	2.2553766737e+01
7.1963513200e+02	1.5299726632e+01
7.2178418000e+02	9.1531132896e+00
7.2393322800e+02	4.6421187520e+00
7.2608233600e+02	7.8222120046e+00
7.2823138400e+02	3.9187328214e+00
7.3038049300e+02	5.5278063674e+00
7.3252954100e+02	7.0262346472e+00
7.3467858900e+02	9.4835213102e+00
7.3682763700e+02	1.2352909752e+01
7.3897674600e+02	1.2787155910e+01
7.4112579300e+02	1.6257551323e+01
7.4327490200e+02	1.6922072856e+01
7.4542395000e+02	1.9477827824e+01
7.4757299800e+02	2.2236284002e+01
7.4972204600e+02	2.2222216084e+01
7.5187115500e+02	2.1767830482e+01
7.5402020300e+02	2.2825605563e+01
7.5616931200e+02	2.1546825213e+01
7.5831835900e+02	1.9282065363e+01
7.6046740700e+02	1.9679772557e+01
7.6261645500e+02	1.8068528640e+01
7.6476556400e+02	1.6445014619e+01
7.6691461200e+02	1.6947845278e+01
7.6906372100e+02	1.4863968420e+01
7.7121276900e+02	1.3163285194e+01
7.7336181600e+02	1.1761114454e+01
7.7551086400e+02	1.0482429190e+01
7.7765997300e+02	9.7645365378e+00
7.7980902100e+02	8.9146751645e+00
7.8195813000e+02	6.3479805955e+00
7.8410717800e+02	5.6030765865e+00
7.8625622600e+02	5.6237607507e+00
7.8840527300e+02	5.0393729949e+00
7.9055438200e+02	4.0799786385e+00
7.9270343000e+02	3.7077370799e+00
7.9485253900e+02	4.1811694223e+00
7.9700158700e+02	3.0674271054e+00
7.9915063500e+02	3.0654800686e+00
8.0129968300e+02	2.8032283598e+00
8.0344879200e+02	2.2433568178e+00
8.0559783900e+02	1.9009009901e+00
8.0774694800e+02	2.3520245286e+00
8.0989599600e+02	2.6014497546e+00
8.1204504400e+02	2.2600383978e+00
8.1419409200e+02	2.4926062655e+00
8.1634320100e+02	2.3246691150e+00
8.1849224900e+02	2.9418087760e+00
8.2064135700e+02	2.8713219618e+00
8.2279040500e+02	2.2921389285e+00
8.2493945300e+02	2.5822263736e+00
8.2708850100e+02	2.5096595137e+00
8.2923761000e+02	2.0797680832e+00
8.3138665800e+02	2.8495125068e+00
8.3353576700e+02	2.1285798166e+00
8.3568481400e+02	1.9687971232e+00
8.3783386200e+02	2.1981873695e+00
8.3998291000e+02	2.2660415879e+00
8.4213201900e+02	1.9949329805e+00
8.4428106700e+02	1.5052069473e+00
8.4643017600e+02	2.3357967007e+00
8.4857922400e+02	1.8702315271e+00
