# Filename: guide/20240720PBS_RTstreak_target_APC680.ascii
 
Time explicit
Intervalnr 1
352.41864
5.9025006100e+02	2.0786925777e-01
5.9239910900e+02	6.2067886918e-01
5.9454815700e+02	0.0000000000e+00
5.9669726600e+02	3.6858473011e-01
5.9884631300e+02	4.3722292540e-01
6.0099536100e+02	5.7075279446e-01
6.0314447000e+02	8.4234812645e-01
6.0529351800e+02	1.1595961978e+00
6.0744256600e+02	1.1959408422e+00
6.0959167500e+02	1.2730521873e+00
6.1174072300e+02	9.0791279999e-01
6.1388977100e+02	1.3211708517e+00
6.1603881800e+02	6.1255547972e-01
6.1818792700e+02	1.0696056624e+00
6.2033697500e+02	1.7894866265e+00
6.2248608400e+02	9.2125002945e-01
6.2463513200e+02	1.2078242603e+00
6.2678418000e+02	1.4268676271e+00
6.2893322800e+02	1.0650582566e+00
6.3108233600e+02	1.4322734691e+00
6.3323138400e+02	1.4834142028e+00
6.3538049300e+02	1.5894967622e+00
6.3752954100e+02	4.8294510394e-01
6.3967858900e+02	2.3042241495e+00
6.4182763700e+02	1.7735890267e+00
6.4397674600e+02	2.9781970947e+00
6.4612579300e+02	5.9743884494e+00
6.4827490200e+02	5.4293833935e+00
6.5042395000e+02	7.5307949987e+00
6.5257299800e+02	8.5029983694e+00
6.5472204600e+02	8.9483368232e+00
6.5687115500e+02	9.7809392958e+00
6.5902020300e+02	1.0837537657e+01
6.6116931200e+02	1.4037449598e+01
6.6331835900e+02	1.7510351192e+01
6.6546740700e+02	2.1848609188e+01
6.6761645500e+02	2.3841904013e+01
6.6976556400e+02	4.3869779455e+01
6.7191461200e+02	6.0779243991e+01
6.7406372100e+02	9.9001414073e+01
6.7621276900e+02	1.6134492377e+02
6.7836181600e+02	2.1361694173e+02
6.8051086400e+02	2.5359970729e+02
6.8265997300e+02	2.7593069401e+02
6.8480902100e+02	2.5747768684e+02
6.8695813000e+02	2.0813014239e+02
6.8910717800e+02	1.6696911405e+02
6.9125622600e+02	1.2020234983e+02
6.9340527300e+02	9.9425678146e+01
6.9555438200e+02	7.7131307275e+01
6.9770343000e+02	6.1135346705e+01
6.9985253900e+02	5.4768284317e+01
7.0200158700e+02	4.0588907423e+01
7.0415063500e+02	3.9579095226e+01
7.0629968300e+02	3.5638033455e+01
7.0844879200e+02	3.1619759075e+01
7.1059783900e+02	3.0649582704e+01
7.1274694800e+02	2.8782842350e+01
7.1489599600e+02	3.0450382984e+01
7.1704504400e+02	2.6847957728e+01
7.1919409200e+02	2.7487433818e+01
7.2134320100e+02	2.4626935522e+01
7.2349224900e+02	2.3965372665e+01
7.2564135700e+02	2.3480283458e+01
7.2779040500e+02	2.1640336501e+01
7.2993945300e+02	2.1537094468e+01
7.3208850100e+02	2.0684107856e+01
7.3423761000e+02	2.0382782890e+01
7.3638665800e+02	2.5034936244e+01
7.3853576700e+02	2.2339922277e+01
7.4068481400e+02	2.4046178697e+01
7.4283386200e+02	2.1280256481e+01
7.4498291000e+02	2.4741069243e+01
7.4713201900e+02	2.6154341138e+01
7.4928106700e+02	2.5599241071e+01
7.5143017600e+02	2.5928960439e+01
7.5357922400e+02	2.5694503088e+01
7.5572827100e+02	2.2435324068e+01
7.5787731900e+02	2.1210197063e+01
7.6002642800e+02	2.0683459478e+01
7.6217547600e+02	1.9391680378e+01
7.6432458500e+02	1.8331553525e+01
7.6647363300e+02	1.8651434957e+01
7.6862268100e+02	1.6599287698e+01
7.7077172900e+02	1.4630179471e+01
7.7292083700e+02	1.2396687010e+01
7.7506988500e+02	1.1477540149e+01
7.7721899400e+02	9.2208193953e+00
7.7936804200e+02	8.9041279502e+00
7.8151709000e+02	6.7641504866e+00
7.8366613800e+02	6.2412115993e+00
7.8581524700e+02	5.5307542490e+00
7.8796429400e+02	4.9586523208e+00
7.9011340300e+02	3.5723980351e+00
7.9226245100e+02	3.2616118556e+00
7.9441149900e+02	4.1971890084e+00
7.9656054700e+02	3.6672068052e+00
7.9870965600e+02	3.3661376637e+00
8.0085870400e+02	3.1136367695e+00
8.0300781200e+02	3.2787755839e+00
8.0515686000e+02	2.6869311395e+00
8.0730590800e+02	3.1510627721e+00
8.0945495600e+02	2.5671535904e+00
8.1160406500e+02	2.3584477262e+00
8.1375311300e+02	2.9707676225e+00
8.1590222200e+02	2.8573771829e+00
8.1805127000e+02	2.7726982988e+00
8.2020031700e+02	1.6065608436e+00
8.2234936500e+02	1.4860841895e+00
8.2449847400e+02	1.7320871849e+00
8.2664752200e+02	2.1158178312e+00
8.2879663100e+02	2.1242604229e+00
8.3094567900e+02	2.1291951803e+00
8.3309472700e+02	1.3886730041e+00
8.3524377400e+02	1.4790038681e+00
8.3739288300e+02	1.5813778227e+00
8.3954193100e+02	1.1474031413e+00
8.4169104000e+02	1.6542396481e+00
8.4384008800e+02	1.4927957890e+00
8.4598913600e+02	1.4224583554e+00
8.4813818400e+02	1.1662988505e+00
