20241127streak_WT_target_DA_FRL_PSII3int.ascii                                                                                                                                                          
                                                                                
 Time explicit
 Intervalnr            1
           1
   653.851318     -0.137939110    
   656.132324      -6.84549883E-02
   658.413330       1.02913787E-03
   660.694275       7.05114082E-02
   662.975220      0.139993668    
   665.256226      0.209477797    
   667.537170      0.278960079    
   669.818176      0.348444194    
   672.099182      0.417928308    
   674.380188      0.487412453    
   676.661194      0.556896567    
   678.942200      0.626380682    
   681.223083      0.695861101    
   683.504211      0.765348971    
   685.785217      0.834833086    
   688.066223      0.904317200    
   690.347107      0.973797619    
   692.628113               1
   694.909119      0.963423848    
   697.190125      0.926847696    
   699.471130      0.890271544    
   701.752075      0.853696406    
   704.033081      0.817120254    
   706.314087      0.780544102    
   708.595093      0.743967950    
   710.875977      0.707393765    
   713.156982      0.670817673    
   715.437988      0.634241521    
   717.719116      0.598408818    
   720.000000      0.569130898    
   722.281006      0.539851367    
   724.562012      0.510571837    
   726.843018      0.481292278    
   729.124023      0.452012748    
   731.405029      0.422733217    
   733.685974      0.393454492    
   735.966980      0.364174962    
   738.247986      0.334895432    
   740.528870      0.305617452    
   742.809875      0.276337922    
   745.090881      0.270063698    
   747.371887      0.269680560    
   749.652893      0.269297421    
   751.933899      0.268914282    
   754.214905      0.268531144    
   756.495911      0.268148005    
   758.776917      0.267764837    
   761.057922      0.267381698    
   763.338928      0.266998559    
   765.619873      0.266615421    
   767.900879      0.266232282    
   770.181824      0.265849173    
   772.462830      0.265466005    
   774.743774      0.265082896    
   777.024780      0.264699727    
