20241127streak_WT_target_DA_FRL_PSI2int.ascii                                                                                                                                                           
                                                                                
 Time explicit
 Intervalnr            1
           1
   653.851318      -9.98725090E-03
   656.132324      -8.09783116E-03
   658.413330      -6.20841142E-03
   660.694275      -4.31904197E-03
   662.975220      -2.42967298E-03
   665.256226      -5.40253124E-04
   667.537170       1.34911609E-03
   669.818176       3.23853595E-03
   672.099182       5.12795569E-03
   674.380188       7.01737544E-03
   676.661194       8.90679564E-03
   678.942200       1.07962154E-02
   681.223083       1.26855336E-02
   683.504211       1.45750549E-02
   685.785217       1.64644737E-02
   688.066223       1.83538944E-02
   690.347107       2.02432126E-02
   692.628113       5.67588471E-02
   694.909119      0.143498510    
   697.190125      0.230238155    
   699.471130      0.316977829    
   701.752075      0.403715163    
   704.033081      0.490454793    
   706.314087      0.577194452    
   708.595093      0.663934112    
   710.875977      0.750669122    
   713.156982      0.837408781    
   715.437988      0.924148440    
   717.719116               1
   720.000000      0.980118573    
   722.281006      0.960236073    
   724.562012      0.940353572    
   726.843018      0.920471072    
   729.124023      0.900588572    
   731.405029      0.880706072    
   733.685974      0.860824108    
   735.966980      0.840941668    
   738.247986      0.821059167    
   740.528870      0.801177740    
   742.809875      0.781295240    
   745.090881      0.738649189    
   747.371887      0.690173924    
   749.652893      0.641698718    
   751.933899      0.593223453    
   754.214905      0.544748247    
   756.495911      0.496273011    
   758.776917      0.447797775    
   761.057922      0.399322540    
   763.338928      0.350847304    
   765.619873      0.302373379    
   767.900879      0.253898144    
   770.181824      0.205424190    
   772.462830      0.156948954    
   774.743774      0.108475022    
   777.024780       5.99997900E-02
