# Filename: guide/20240720PBS_77Kstreak_target_APC660e.ascii
 
Time explicit
Intervalnr 1
19.4186287
5.9239910900e+02	6.2527498302e+00
5.9669726600e+02	9.2852698907e+00
6.0099536100e+02	0.0000000000e+00
6.0529351800e+02	0.0000000000e+00
6.0959167500e+02	1.6382242624e+00
6.1388977100e+02	0.0000000000e+00
6.1818792700e+02	7.3658699754e+00
6.2248608400e+02	2.9722957506e+00
6.2678418000e+02	0.0000000000e+00
6.3108233600e+02	0.0000000000e+00
6.3538049300e+02	4.0685840731e+00
6.3967858900e+02	1.7270179893e+01
6.4397674600e+02	7.5915270330e+00
6.4827490200e+02	4.9851126441e+01
6.5257299800e+02	1.6090265460e+02
6.5687115500e+02	3.1061418975e+02
6.6116931200e+02	4.0495857299e+02
6.6546740700e+02	4.3655239499e+02
6.6976556400e+02	4.4918340477e+02
6.7406372100e+02	3.4929472205e+02
6.7836181600e+02	1.3346885047e+02
6.8265997300e+02	3.2382416577e+01
6.8695813000e+02	0.0000000000e+00
6.9125622600e+02	6.0535863470e+01
6.9555438200e+02	1.8257515855e+01
6.9985253900e+02	0.0000000000e+00
7.0415063500e+02	3.7747258400e+01
7.0844879200e+02	8.3190820270e+01
7.1274694800e+02	8.7802543743e+01
7.1704504400e+02	7.9548451963e+01
7.2134320100e+02	8.4137158062e+01
7.2564135700e+02	7.0042758830e+01
7.2993945300e+02	6.5547820370e+01
7.3423761000e+02	5.5616101114e+01
7.3853576700e+02	2.7557373506e+01
7.4283386200e+02	2.5653386993e+01
7.4713201900e+02	1.2957603371e+01
7.5143017600e+02	3.0097058166e+00
7.5572827100e+02	0.0000000000e+00
7.6002642800e+02	0.0000000000e+00
7.6432458500e+02	0.0000000000e+00
7.6862268100e+02	0.0000000000e+00
7.7292083700e+02	0.0000000000e+00
7.7721899400e+02	0.0000000000e+00
7.8151709000e+02	0.0000000000e+00
7.8581524700e+02	0.0000000000e+00
7.9011340300e+02	5.1844762594e+00
7.9441149900e+02	1.4227946658e+00
7.9870965600e+02	0.0000000000e+00
8.0300781200e+02	0.0000000000e+00
8.0730590800e+02	3.6416901326e+00
8.1160406500e+02	2.2874603147e+00
8.1590222200e+02	0.0000000000e+00
8.2020031700e+02	0.0000000000e+00
8.2449847400e+02	4.5050567374e+00
8.2879663100e+02	0.0000000000e+00
8.3309472700e+02	0.0000000000e+00
8.3739288300e+02	0.0000000000e+00
8.4169104000e+02	1.5606356666e+00
8.4598913600e+02	0.0000000000e+00
