# Filename: guide/20240729PSend_77Kstreak_target_PSIend.ascii
 
Time explicit
Intervalnr 1
11.0931988
6.2922522000e+02	0.0000000000e+00
6.3137426800e+02	0.0000000000e+00
6.3352331500e+02	0.0000000000e+00
6.3567242400e+02	0.0000000000e+00
6.3782147200e+02	0.0000000000e+00
6.3997052000e+02	0.0000000000e+00
6.4211962900e+02	0.0000000000e+00
6.4426867700e+02	0.0000000000e+00
6.4641772500e+02	0.0000000000e+00
6.4856683300e+02	0.0000000000e+00
6.5071588100e+02	0.0000000000e+00
6.5286492900e+02	0.0000000000e+00
6.5501403800e+02	0.0000000000e+00
6.5716308600e+02	0.0000000000e+00
6.5931213400e+02	0.0000000000e+00
6.6146124300e+02	0.0000000000e+00
6.6361029100e+02	0.0000000000e+00
6.6575933800e+02	0.0000000000e+00
6.6790844700e+02	0.0000000000e+00
6.7005749500e+02	0.0000000000e+00
6.7220654300e+02	0.0000000000e+00
6.7435565200e+02	0.0000000000e+00
6.7650470000e+02	0.0000000000e+00
6.7865374800e+02	0.0000000000e+00
6.8080285600e+02	0.0000000000e+00
6.8295190400e+02	0.0000000000e+00
6.8510095200e+02	0.0000000000e+00
6.8725006100e+02	0.0000000000e+00
6.8939910900e+02	0.0000000000e+00
6.9154815700e+02	0.0000000000e+00
6.9369726600e+02	0.0000000000e+00
6.9584631300e+02	5.2121862783e-01
6.9799536100e+02	1.2192937189e-01
7.0014447000e+02	1.4868257002e+00
7.0229351800e+02	1.9333288066e+00
7.0444256600e+02	2.2487461005e+00
7.0659167500e+02	3.4737649053e+00
7.0874072300e+02	5.5233946493e+00
7.1088977100e+02	8.5441889753e+00
7.1303881800e+02	1.6094171663e+01
7.1518792700e+02	2.5387466647e+01
7.1733697500e+02	3.6060441489e+01
7.1948608400e+02	5.2195599902e+01
7.2163513200e+02	6.7028897689e+01
7.2378418000e+02	8.0181592634e+01
7.2593322800e+02	8.9629232255e+01
7.2808233600e+02	8.9593026187e+01
7.3023138400e+02	9.3397192215e+01
7.3238049300e+02	9.1230485581e+01
7.3452954100e+02	8.3855418420e+01
7.3667858900e+02	7.6049835870e+01
7.3882763700e+02	7.1777604466e+01
7.4097674600e+02	6.3418516536e+01
7.4312579300e+02	5.6765917838e+01
7.4527490200e+02	5.0083159065e+01
7.4742395000e+02	4.2314115422e+01
7.4957299800e+02	3.8303505631e+01
7.5172204600e+02	3.3881029880e+01
7.5387115500e+02	3.0001170599e+01
7.5602020300e+02	2.6678991561e+01
7.5816931200e+02	2.2100347897e+01
7.6031835900e+02	2.0477765119e+01
7.6246740700e+02	1.8957742472e+01
7.6461645500e+02	1.6458452915e+01
7.6676556400e+02	1.4855161485e+01
7.6891461200e+02	1.4421505688e+01
7.7106372100e+02	1.2503929361e+01
7.7321276900e+02	1.2525092257e+01
7.7536181600e+02	9.7039999927e+00
7.7751086400e+02	1.0958065966e+01
7.7965997300e+02	1.0088768216e+01
7.8180902100e+02	1.0577553177e+01
7.8395813000e+02	1.0068940779e+01
7.8610717800e+02	9.8776176325e+00
7.8825622600e+02	9.6858955034e+00
7.9040527300e+02	9.2983354241e+00
7.9255438200e+02	1.0062496819e+01
7.9470343000e+02	9.7129494018e+00
7.9685253900e+02	9.8718643209e+00
7.9900158700e+02	9.2049536588e+00
8.0115063500e+02	9.5209289168e+00
8.0329968300e+02	8.9604737023e+00
8.0544879200e+02	8.7338663940e+00
8.0759783900e+02	7.8953230109e+00
8.0974694800e+02	7.2831729524e+00
8.1189599600e+02	7.1928879755e+00
8.1404504400e+02	7.0440367342e+00
8.1619409200e+02	6.0553178421e+00
8.1834320100e+02	6.0945593546e+00
8.2049224900e+02	5.3486654793e+00
8.2264135700e+02	5.4591318125e+00
8.2479040500e+02	5.4407387738e+00
8.2693945300e+02	4.5145403875e+00
8.2908850100e+02	4.4944523269e+00
8.3123761000e+02	3.8746775489e+00
8.3338665800e+02	3.3649429516e+00
8.3553576700e+02	3.2261059573e+00
8.3768481400e+02	2.8925643864e+00
8.3983386200e+02	2.6638653768e+00
8.4198291000e+02	2.4420716217e+00
8.4413201900e+02	1.9751194468e+00
8.4628106700e+02	2.0468070676e+00
8.4843017600e+02	1.4772380462e+00
