# Filename: guide/20240729PSend_77Kstreak_DG_target_PSIend.ascii
 
Time explicit
Intervalnr 1
11.0931988
6.2937426800e+02	0.0000000000e+00
6.3152331500e+02	0.0000000000e+00
6.3367242400e+02	0.0000000000e+00
6.3582147200e+02	0.0000000000e+00
6.3797052000e+02	0.0000000000e+00
6.4011962900e+02	0.0000000000e+00
6.4226867700e+02	0.0000000000e+00
6.4441772500e+02	0.0000000000e+00
6.4656683300e+02	0.0000000000e+00
6.4871588100e+02	0.0000000000e+00
6.5086492900e+02	0.0000000000e+00
6.5301403800e+02	0.0000000000e+00
6.5516308600e+02	0.0000000000e+00
6.5731213400e+02	0.0000000000e+00
6.5946124300e+02	0.0000000000e+00
6.6161029100e+02	0.0000000000e+00
6.6375933800e+02	0.0000000000e+00
6.6590844700e+02	0.0000000000e+00
6.6805749500e+02	0.0000000000e+00
6.7020654300e+02	0.0000000000e+00
6.7235565200e+02	0.0000000000e+00
6.7450470000e+02	0.0000000000e+00
6.7665374800e+02	0.0000000000e+00
6.7880285600e+02	0.0000000000e+00
6.8095190400e+02	0.0000000000e+00
6.8310095200e+02	0.0000000000e+00
6.8525006100e+02	0.0000000000e+00
6.8739910900e+02	0.0000000000e+00
6.8954815700e+02	0.0000000000e+00
6.9169726600e+02	0.0000000000e+00
6.9384631300e+02	9.8077415567e-02
6.9599536100e+02	4.8181318733e-01
6.9814447000e+02	9.5485554910e-01
7.0029351800e+02	1.7097892842e+00
7.0244256600e+02	1.2349644152e+00
7.0459167500e+02	1.6786694130e+00
7.0674072300e+02	2.4546115110e+00
7.0888977100e+02	3.0669048006e+00
7.1103881800e+02	3.9562585241e+00
7.1318792700e+02	6.2870777573e+00
7.1533697500e+02	8.4099198702e+00
7.1748608400e+02	1.4365392940e+01
7.1963513200e+02	1.7732238158e+01
7.2178418000e+02	2.3593582937e+01
7.2393322800e+02	2.5945145297e+01
7.2608233600e+02	2.8126575276e+01
7.2823138400e+02	3.0960894376e+01
7.3038049300e+02	2.9925232258e+01
7.3252954100e+02	2.9228034432e+01
7.3467858900e+02	2.7500968964e+01
7.3682763700e+02	2.5962524260e+01
7.3897674600e+02	2.4188346998e+01
7.4112579300e+02	2.1163109645e+01
7.4327490200e+02	1.8555682447e+01
7.4542395000e+02	1.6522217485e+01
7.4757299800e+02	1.4402820931e+01
7.4972204600e+02	1.2439521646e+01
7.5187115500e+02	1.1079561329e+01
7.5402020300e+02	9.8611028213e+00
7.5616931200e+02	8.9179373663e+00
7.5831835900e+02	6.8427193793e+00
7.6046740700e+02	6.6462235932e+00
7.6261645500e+02	6.0497853668e+00
7.6476556400e+02	5.5797623123e+00
7.6691461200e+02	4.7924261257e+00
7.6906372100e+02	4.9046268419e+00
7.7121276900e+02	4.0012117933e+00
7.7336181600e+02	3.9111621156e+00
7.7551086400e+02	3.5373259168e+00
7.7765997300e+02	3.3665458851e+00
7.7980902100e+02	3.5819403443e+00
7.8195813000e+02	3.5842403338e+00
7.8410717800e+02	3.1548959644e+00
7.8625622600e+02	2.7563145873e+00
7.8840527300e+02	3.6377100985e+00
7.9055438200e+02	3.0622545359e+00
7.9270343000e+02	2.8536351843e+00
7.9485253900e+02	3.1706692175e+00
7.9700158700e+02	3.5091279484e+00
7.9915063500e+02	2.9023830830e+00
8.0129968300e+02	2.4875158896e+00
8.0344879200e+02	2.7051649786e+00
8.0559783900e+02	2.6334109704e+00
8.0774694800e+02	2.8007078107e+00
8.0989599600e+02	2.4078359772e+00
8.1204504400e+02	2.4263496155e+00
8.1419409200e+02	2.2233644725e+00
8.1634320100e+02	2.6517861435e+00
8.1849224900e+02	2.4991513820e+00
8.2064135700e+02	2.4291177781e+00
8.2279040500e+02	2.3382864096e+00
8.2493945300e+02	1.7983931325e+00
8.2708850100e+02	1.6782392274e+00
8.2923761000e+02	1.4495794925e+00
8.3138665800e+02	1.1611184239e+00
8.3353576700e+02	1.0353527717e+00
8.3568481400e+02	7.1367908209e-01
8.3783386200e+02	1.0240527507e+00
8.3998291000e+02	8.6025267621e-01
8.4213201900e+02	6.4868441244e-01
8.4428106700e+02	6.1783976728e-01
8.4643017600e+02	5.8067191613e-01
8.4857922400e+02	5.2256691065e-01
