# Filename: guide/20240720PBS_RTstreak_target_APC660t.ascii
 
Time explicit
Intervalnr 1
352.41864
5.9025006100e+02	3.7844211836e+00
5.9239910900e+02	2.6250727143e+00
5.9454815700e+02	6.6889503660e+00
5.9669726600e+02	2.1832098636e+00
5.9884631300e+02	0.0000000000e+00
6.0099536100e+02	0.0000000000e+00
6.0314447000e+02	0.0000000000e+00
6.0529351800e+02	0.0000000000e+00
6.0744256600e+02	0.0000000000e+00
6.0959167500e+02	0.0000000000e+00
6.1174072300e+02	0.0000000000e+00
6.1388977100e+02	6.5500630149e-01
6.1603881800e+02	4.9157129000e+00
6.1818792700e+02	2.1209386538e+00
6.2033697500e+02	0.0000000000e+00
6.2248608400e+02	3.7218450357e+00
6.2463513200e+02	3.4966540444e+00
6.2678418000e+02	0.0000000000e+00
6.2893322800e+02	1.6532889551e+00
6.3108233600e+02	0.0000000000e+00
6.3323138400e+02	3.4142486900e+00
6.3538049300e+02	0.0000000000e+00
6.3752954100e+02	1.1873185347e+01
6.3967858900e+02	0.0000000000e+00
6.4182763700e+02	0.0000000000e+00
6.4397674600e+02	0.0000000000e+00
6.4612579300e+02	0.0000000000e+00
6.4827490200e+02	3.4501598934e+01
6.5042395000e+02	5.1905771057e+01
6.5257299800e+02	8.4912798418e+01
6.5472204600e+02	1.2641141674e+02
6.5687115500e+02	1.5959414332e+02
6.5902020300e+02	1.8837213248e+02
6.6116931200e+02	1.9380558470e+02
6.6331835900e+02	2.1388898734e+02
6.6546740700e+02	2.0618607736e+02
6.6761645500e+02	2.6824882462e+02
6.6976556400e+02	1.7293529376e+02
6.7191461200e+02	1.8332622414e+02
6.7406372100e+02	1.5671452860e+02
6.7621276900e+02	6.5880708314e+01
6.7836181600e+02	8.2073357177e+01
6.8051086400e+02	6.8229876496e+01
6.8265997300e+02	7.2493497501e+00
6.8480902100e+02	0.0000000000e+00
6.8695813000e+02	3.5420920314e+01
6.8910717800e+02	3.5956035214e+01
6.9125622600e+02	3.8558705715e+01
6.9340527300e+02	1.2788899078e+01
6.9555438200e+02	1.7977838820e+01
6.9770343000e+02	1.8840989935e+01
6.9985253900e+02	0.0000000000e+00
7.0200158700e+02	2.3817446803e+01
7.0415063500e+02	1.5670012244e+01
7.0629968300e+02	4.0206965966e+01
7.0844879200e+02	4.6466254898e+01
7.1059783900e+02	4.8112811094e+01
7.1274694800e+02	4.6976298850e+01
7.1489599600e+02	4.0851159710e+01
7.1704504400e+02	4.1008534394e+01
7.1919409200e+02	2.2390022596e+01
7.2134320100e+02	4.0566979850e+01
7.2349224900e+02	4.1955391494e+01
7.2564135700e+02	2.9811032134e+01
7.2779040500e+02	3.8489982766e+01
7.2993945300e+02	2.5574836664e+01
7.3208850100e+02	3.1461938546e+01
7.3423761000e+02	2.9296682712e+01
7.3638665800e+02	1.2267762112e+01
7.3853576700e+02	1.6840516090e+01
7.4068481400e+02	7.8079637210e+00
7.4283386200e+02	2.2431576708e+01
7.4498291000e+02	1.0459505613e+01
7.4713201900e+02	7.1123006815e+00
7.4928106700e+02	7.0910231601e+00
7.5143017600e+02	2.9260719643e-01
7.5357922400e+02	0.0000000000e+00
7.5572827100e+02	0.0000000000e+00
7.5787731900e+02	0.0000000000e+00
7.6002642800e+02	0.0000000000e+00
7.6217547600e+02	0.0000000000e+00
7.6432458500e+02	0.0000000000e+00
7.6647363300e+02	1.5440479048e+00
7.6862268100e+02	0.0000000000e+00
7.7077172900e+02	0.0000000000e+00
7.7292083700e+02	0.0000000000e+00
7.7506988500e+02	0.0000000000e+00
7.7721899400e+02	0.0000000000e+00
7.7936804200e+02	0.0000000000e+00
7.8151709000e+02	2.4192097890e+00
7.8366613800e+02	0.0000000000e+00
7.8581524700e+02	0.0000000000e+00
7.8796429400e+02	1.3145717212e+00
7.9011340300e+02	4.6072860988e+00
7.9226245100e+02	3.5848491497e+00
7.9441149900e+02	0.0000000000e+00
7.9656054700e+02	3.3546501517e-02
7.9870965600e+02	0.0000000000e+00
8.0085870400e+02	0.0000000000e+00
8.0300781200e+02	5.5672362763e-02
8.0515686000e+02	3.1913774841e+00
8.0730590800e+02	1.2083082498e+00
8.0945495600e+02	1.3815688792e+00
8.1160406500e+02	5.4510316548e-01
8.1375311300e+02	0.0000000000e+00
8.1590222200e+02	0.0000000000e+00
8.1805127000e+02	0.0000000000e+00
8.2020031700e+02	3.3160016567e+00
8.2234936500e+02	1.9023534903e+00
8.2449847400e+02	2.9309470432e+00
8.2664752200e+02	0.0000000000e+00
8.2879663100e+02	0.0000000000e+00
8.3094567900e+02	0.0000000000e+00
8.3309472700e+02	5.9677019003e-01
8.3524377400e+02	0.0000000000e+00
8.3739288300e+02	0.0000000000e+00
8.3954193100e+02	1.2756176766e+00
8.4169104000e+02	0.0000000000e+00
8.4384008800e+02	0.0000000000e+00
8.4598913600e+02	0.0000000000e+00
8.4813818400e+02	0.0000000000e+00
