# Filename: guide/20240729PSend_77Kstreak_DG_target_FRL610r1.ascii
 
Time explicit
Intervalnr 1
11.0931988
6.2937426800e+02	0.0000000000e+00
6.3152331500e+02	0.0000000000e+00
6.3367242400e+02	0.0000000000e+00
6.3582147200e+02	1.2369216549e+01
6.3797052000e+02	8.2988174416e+01
6.4011962900e+02	1.8758639714e+01
6.4226867700e+02	8.8263563778e+01
6.4441772500e+02	1.5362205384e+02
6.4656683300e+02	1.8926782956e+02
6.4871588100e+02	1.9758793835e+02
6.5086492900e+02	2.6285576875e+02
6.5301403800e+02	2.6194883702e+02
6.5516308600e+02	3.0156810219e+02
6.5731213400e+02	3.2734947835e+02
6.5946124300e+02	3.6511544513e+02
6.6161029100e+02	3.4759290017e+02
6.6375933800e+02	3.3284796369e+02
6.6590844700e+02	3.0680844358e+02
6.6805749500e+02	2.5676160924e+02
6.7020654300e+02	2.2776206058e+02
6.7235565200e+02	2.0251023382e+02
6.7450470000e+02	1.9015679094e+02
6.7665374800e+02	1.6283873840e+02
6.7880285600e+02	1.3672668017e+02
6.8095190400e+02	1.3954959789e+02
6.8310095200e+02	1.0836887641e+02
6.8525006100e+02	1.0960580863e+02
6.8739910900e+02	8.9463492014e+01
6.8954815700e+02	9.4567707934e+01
6.9169726600e+02	9.1018091299e+01
6.9384631300e+02	1.2532402914e+02
6.9599536100e+02	1.1907466975e+02
6.9814447000e+02	1.2875587948e+02
7.0029351800e+02	9.9333347508e+01
7.0244256600e+02	1.0764338603e+02
7.0459167500e+02	1.2147030156e+02
7.0674072300e+02	8.8981241274e+01
7.0888977100e+02	1.1777335661e+02
7.1103881800e+02	8.5081617975e+01
7.1318792700e+02	9.3047390081e+01
7.1533697500e+02	9.4463821290e+01
7.1748608400e+02	8.0213769353e+01
7.1963513200e+02	7.9837749796e+01
7.2178418000e+02	8.4091078742e+01
7.2393322800e+02	7.2327102561e+01
7.2608233600e+02	6.8677163252e+01
7.2823138400e+02	5.5927575400e+01
7.3038049300e+02	4.8829312902e+01
7.3252954100e+02	3.2290278530e+01
7.3467858900e+02	3.4484483722e+01
7.3682763700e+02	2.6361605056e+01
7.3897674600e+02	3.9570596919e+01
7.4112579300e+02	2.3182112002e+01
7.4327490200e+02	2.1597231545e+01
7.4542395000e+02	1.1616140138e+01
7.4757299800e+02	9.8470898132e+00
7.4972204600e+02	2.2293910662e+01
7.5187115500e+02	4.4379524735e+00
7.5402020300e+02	0.0000000000e+00
7.5616931200e+02	1.2394504094e+00
7.5831835900e+02	9.4897824570e+00
7.6046740700e+02	9.2626662111e-01
7.6261645500e+02	8.4536360969e+00
7.6476556400e+02	3.3628322275e-01
7.6691461200e+02	1.5529545777e+00
7.6906372100e+02	0.0000000000e+00
7.7121276900e+02	0.0000000000e+00
7.7336181600e+02	1.1612252116e+00
7.7551086400e+02	2.7622385732e-01
7.7765997300e+02	7.0955985768e+00
7.7980902100e+02	1.4679708894e+00
7.8195813000e+02	3.9692633235e+00
7.8410717800e+02	1.1794635063e+00
7.8625622600e+02	8.4318555013e+00
7.8840527300e+02	4.3499111589e+00
7.9055438200e+02	3.0746144164e+00
7.9270343000e+02	3.6509594225e+00
7.9485253900e+02	2.9567443647e+00
7.9700158700e+02	3.4608516130e+00
7.9915063500e+02	8.4589933761e-01
8.0129968300e+02	0.0000000000e+00
8.0344879200e+02	5.9867425487e-01
8.0559783900e+02	8.6564773698e+00
8.0774694800e+02	5.9855275053e-01
8.0989599600e+02	0.0000000000e+00
8.1204504400e+02	0.0000000000e+00
8.1419409200e+02	3.2105912670e+00
8.1634320100e+02	0.0000000000e+00
8.1849224900e+02	1.9447154544e+00
8.2064135700e+02	1.3853391277e+00
8.2279040500e+02	0.0000000000e+00
8.2493945300e+02	3.1025793832e+00
8.2708850100e+02	9.9958495151e-01
8.2923761000e+02	1.4055889185e+00
8.3138665800e+02	1.0935757272e+00
8.3353576700e+02	0.0000000000e+00
8.3568481400e+02	0.0000000000e+00
8.3783386200e+02	7.1540102073e-01
8.3998291000e+02	0.0000000000e+00
8.4213201900e+02	2.8670478108e+00
8.4428106700e+02	5.2902487735e-01
8.4643017600e+02	1.9095956993e+00
8.4857922400e+02	2.3055481565e-01
