# Filename: guide/20240720PBS_77Kstreak_target_PC650b.ascii
 
Time explicit
Intervalnr 1
19.4186287
5.9239910900e+02	0.0000000000e+00
5.9669726600e+02	0.0000000000e+00
6.0099536100e+02	5.6875850772e+00
6.0529351800e+02	0.0000000000e+00
6.0959167500e+02	0.0000000000e+00
6.1388977100e+02	0.0000000000e+00
6.1818792700e+02	0.0000000000e+00
6.2248608400e+02	0.0000000000e+00
6.2678418000e+02	8.7571335039e+00
6.3108233600e+02	1.3725434001e+01
6.3538049300e+02	2.6663934869e+01
6.3967858900e+02	5.0699884693e+01
6.4397674600e+02	1.0832383288e+02
6.4827490200e+02	1.4456896193e+02
6.5257299800e+02	1.5709624447e+02
6.5687115500e+02	1.2761307434e+02
6.6116931200e+02	9.9466995043e+01
6.6546740700e+02	6.8764969640e+01
6.6976556400e+02	2.0353442546e+01
6.7406372100e+02	2.3932246886e+00
6.7836181600e+02	0.0000000000e+00
6.8265997300e+02	4.5926982645e+00
6.8695813000e+02	0.0000000000e+00
6.9125622600e+02	0.0000000000e+00
6.9555438200e+02	4.8723386806e+00
6.9985253900e+02	2.6942198843e+01
7.0415063500e+02	2.3455360277e+01
7.0844879200e+02	0.0000000000e+00
7.1274694800e+02	0.0000000000e+00
7.1704504400e+02	0.0000000000e+00
7.2134320100e+02	0.0000000000e+00
7.2564135700e+02	4.0180016466e+00
7.2993945300e+02	0.0000000000e+00
7.3423761000e+02	0.0000000000e+00
7.3853576700e+02	0.0000000000e+00
7.4283386200e+02	0.0000000000e+00
7.4713201900e+02	0.0000000000e+00
7.5143017600e+02	0.0000000000e+00
7.5572827100e+02	0.0000000000e+00
7.6002642800e+02	0.0000000000e+00
7.6432458500e+02	0.0000000000e+00
7.6862268100e+02	0.0000000000e+00
7.7292083700e+02	0.0000000000e+00
7.7721899400e+02	0.0000000000e+00
7.8151709000e+02	0.0000000000e+00
7.8581524700e+02	0.0000000000e+00
7.9011340300e+02	0.0000000000e+00
7.9441149900e+02	1.4227948241e+00
7.9870965600e+02	0.0000000000e+00
8.0300781200e+02	1.2421798676e+00
8.0730590800e+02	0.0000000000e+00
8.1160406500e+02	1.6849521593e+00
8.1590222200e+02	0.0000000000e+00
8.2020031700e+02	0.0000000000e+00
8.2449847400e+02	0.0000000000e+00
8.2879663100e+02	0.0000000000e+00
8.3309472700e+02	0.0000000000e+00
8.3739288300e+02	1.3446174875e-01
8.4169104000e+02	5.2613744909e-02
8.4598913600e+02	0.0000000000e+00
