# Filename: guide/20241127streak_DG_target_DA_FRL_PSI3.ascii
 
Time explicit
Intervalnr 1
11.0931988
6.2922522000e+02	0.0000000000e+00
6.3137426800e+02	0.0000000000e+00
6.3352331500e+02	0.0000000000e+00
6.3567242400e+02	0.0000000000e+00
6.3782147200e+02	0.0000000000e+00
6.3997052000e+02	0.0000000000e+00
6.4211962900e+02	0.0000000000e+00
6.4426867700e+02	0.0000000000e+00
6.4641772500e+02	0.0000000000e+00
6.4856683300e+02	0.0000000000e+00
6.5071588100e+02	0.0000000000e+00
6.5286492900e+02	0.0000000000e+00
6.5501403800e+02	0.0000000000e+00
6.5716308600e+02	0.0000000000e+00
6.5931213400e+02	0.0000000000e+00
6.6146124300e+02	0.0000000000e+00
6.6361029100e+02	0.0000000000e+00
6.6575933800e+02	0.0000000000e+00
6.6790844700e+02	0.0000000000e+00
6.7005749500e+02	0.0000000000e+00
6.7220654300e+02	0.0000000000e+00
6.7435565200e+02	0.0000000000e+00
6.7650470000e+02	0.0000000000e+00
6.7865374800e+02	0.0000000000e+00
6.8080285600e+02	0.0000000000e+00
6.8295190400e+02	0.0000000000e+00
6.8510095200e+02	0.0000000000e+00
6.8725006100e+02	0.0000000000e+00
6.8939910900e+02	0.0000000000e+00
6.9154815700e+02	0.0000000000e+00
6.9369726600e+02	0.0000000000e+00
6.9584631300e+02	0.0000000000e+00
6.9799536100e+02	0.0000000000e+00
7.0014447000e+02	1.1786655290e-03
7.0229351800e+02	1.0562578690e-03
7.0444256600e+02	6.8389967330e-04
7.0659167500e+02	7.1358022566e-04
7.0874072300e+02	7.6438861747e-04
7.1088977100e+02	1.2024666947e-03
7.1303881800e+02	2.2903683915e-03
7.1518792700e+02	3.7158006132e-03
7.1733697500e+02	6.1469638601e-03
7.1948608400e+02	9.0086282180e-03
7.2163513200e+02	1.2116608984e-02
7.2378418000e+02	1.4645284258e-02
7.2593322800e+02	1.6701300593e-02
7.2808233600e+02	1.7382273292e-02
7.3023138400e+02	1.8021560815e-02
7.3238049300e+02	1.7468519098e-02
7.3452954100e+02	1.6508664211e-02
7.3667858900e+02	1.5280480024e-02
7.3882763700e+02	1.4344485179e-02
7.4097674600e+02	1.2999258341e-02
7.4312579300e+02	1.1312085459e-02
7.4527490200e+02	1.0001780556e-02
7.4742395000e+02	8.8096311824e-03
7.4957299800e+02	7.7095521799e-03
7.5172204600e+02	6.7629100436e-03
7.5387115500e+02	6.1096867946e-03
7.5602020300e+02	5.3615170103e-03
7.5816931200e+02	4.5025198930e-03
7.6031835900e+02	4.1525511144e-03
7.6246740700e+02	3.8027538061e-03
7.6461645500e+02	3.2605443487e-03
7.6676556400e+02	2.9051728870e-03
7.6891461200e+02	2.9041621396e-03
7.7106372100e+02	2.4805983803e-03
7.7321276900e+02	2.3612060614e-03
7.7536181600e+02	2.0035262045e-03
7.7751086400e+02	2.0284526062e-03
7.7965997300e+02	1.9682105779e-03
7.8180902100e+02	2.1400353010e-03
7.8395813000e+02	1.9372552654e-03
7.8610717800e+02	1.9094398905e-03
7.8825622600e+02	1.9606613035e-03
7.9040527300e+02	1.8315050627e-03
7.9255438200e+02	1.9291558749e-03
7.9470343000e+02	1.8566992169e-03
7.9685253900e+02	1.9523682349e-03
7.9900158700e+02	1.8199633496e-03
8.0115063500e+02	1.7750867200e-03
8.0329968300e+02	1.7227380843e-03
8.0544879200e+02	1.6923356140e-03
8.0759783900e+02	1.6370427753e-03
8.0974694800e+02	1.4984621362e-03
8.1189599600e+02	1.3289581996e-03
8.1404504400e+02	1.2996887405e-03
8.1619409200e+02	1.2498450351e-03
8.1834320100e+02	1.2308949114e-03
8.2049224900e+02	1.1057078262e-03
8.2264135700e+02	1.1386294148e-03
8.2479040500e+02	1.0456070805e-03
8.2693945300e+02	8.9943923352e-04
8.2908850100e+02	8.9641440083e-04
8.3123761000e+02	7.7128415622e-04
8.3338665800e+02	7.4028176054e-04
8.3553576700e+02	6.1963864037e-04
8.3768481400e+02	6.0361414199e-04
8.3983386200e+02	5.3137178266e-04
8.4198291000e+02	5.0109190941e-04
8.4413201900e+02	4.3706606965e-04
8.4628106700e+02	4.2890196800e-04
8.4843017600e+02	3.7418704425e-04
