# Filename: guide/20240720PBS_77Kstreak_target_APC680.ascii
 
Time explicit
Intervalnr 1
19.4186287
5.9239910900e+02	8.5617912904e-01
5.9669726600e+02	2.7529838385e-01
6.0099536100e+02	9.5873694565e-01
6.0529351800e+02	2.0907249597e+00
6.0959167500e+02	2.4358361002e+00
6.1388977100e+02	2.5058367176e+00
6.1818792700e+02	1.6514313305e+00
6.2248608400e+02	2.8185359266e+00
6.2678418000e+02	3.0584201013e+00
6.3108233600e+02	2.7355385991e+00
6.3538049300e+02	3.1977534122e+00
6.3967858900e+02	2.6424972676e+00
6.4397674600e+02	4.7904747455e+00
6.4827490200e+02	1.1152671208e+01
6.5257299800e+02	1.5537894357e+01
6.5687115500e+02	1.8717030336e+01
6.6116931200e+02	2.5365271871e+01
6.6546740700e+02	4.0465300109e+01
6.6976556400e+02	6.9268855643e+01
6.7406372100e+02	1.6011156819e+02
6.7836181600e+02	3.7518750148e+02
6.8265997300e+02	5.2934526330e+02
6.8695813000e+02	4.6402851925e+02
6.9125622600e+02	2.8529390378e+02
6.9555438200e+02	1.7603183461e+02
6.9985253900e+02	1.1705055349e+02
7.0415063500e+02	7.9922560265e+01
7.0844879200e+02	6.7421604854e+01
7.1274694800e+02	6.0118276634e+01
7.1704504400e+02	5.7458500190e+01
7.2134320100e+02	5.0049150419e+01
7.2564135700e+02	4.7702999145e+01
7.2993945300e+02	4.3127722616e+01
7.3423761000e+02	4.1652843618e+01
7.3853576700e+02	4.7553619701e+01
7.4283386200e+02	4.5636874052e+01
7.4713201900e+02	5.1041976487e+01
7.5143017600e+02	5.1582946146e+01
7.5572827100e+02	4.7232419594e+01
7.6002642800e+02	4.1076731404e+01
7.6432458500e+02	3.6975650413e+01
7.6862268100e+02	3.4864526139e+01
7.7292083700e+02	2.6419849416e+01
7.7721899400e+02	2.0258383755e+01
7.8151709000e+02	1.5881896113e+01
7.8581524700e+02	1.1534704563e+01
7.9011340300e+02	8.5142030337e+00
7.9441149900e+02	7.6305081740e+00
7.9870965600e+02	6.9003709645e+00
8.0300781200e+02	6.3269879990e+00
8.0730590800e+02	5.9028792563e+00
8.1160406500e+02	4.8495951766e+00
8.1590222200e+02	5.7227506175e+00
8.2020031700e+02	5.0177979485e+00
8.2449847400e+02	3.2137484759e+00
8.2879663100e+02	4.1567954356e+00
8.3309472700e+02	3.5703634017e+00
8.3739288300e+02	3.0547860442e+00
8.4169104000e+02	2.7466824722e+00
8.4598913600e+02	2.8433680995e+00
