# Filename: guide/20240729PSend_77Kstreak_DG_target_PSIIend.ascii
 
Time explicit
Intervalnr 1
11.0931988
6.2937426800e+02	1.9573832933e+00
6.3152331500e+02	1.7538181875e+00
6.3367242400e+02	1.9040527839e+00
6.3582147200e+02	1.8050007725e+00
6.3797052000e+02	2.0779538270e+00
6.4011962900e+02	2.8511393806e+00
6.4226867700e+02	2.5576245757e+00
6.4441772500e+02	2.6475508031e+00
6.4656683300e+02	2.9134369285e+00
6.4871588100e+02	3.3429452568e+00
6.5086492900e+02	3.6261924807e+00
6.5301403800e+02	4.0937608199e+00
6.5516308600e+02	4.1269633332e+00
6.5731213400e+02	5.0146666520e+00
6.5946124300e+02	5.7970602175e+00
6.6161029100e+02	4.9517775041e+00
6.6375933800e+02	5.0470696497e+00
6.6590844700e+02	4.1708391083e+00
6.6805749500e+02	4.4832313803e+00
6.7020654300e+02	4.3759679388e+00
6.7235565200e+02	4.4804175522e+00
6.7450470000e+02	5.4518822119e+00
6.7665374800e+02	7.4410643868e+00
6.7880285600e+02	1.0062469077e+01
6.8095190400e+02	1.2700723775e+01
6.8310095200e+02	1.6603119055e+01
6.8525006100e+02	1.8244837836e+01
6.8739910900e+02	1.9492207522e+01
6.8954815700e+02	1.9431473161e+01
6.9169726600e+02	2.1109106883e+01
6.9384631300e+02	2.3608724803e+01
6.9599536100e+02	2.6685390524e+01
6.9814447000e+02	2.5894783807e+01
7.0029351800e+02	2.2913531448e+01
7.0244256600e+02	1.9608340149e+01
7.0459167500e+02	1.5790149894e+01
7.0674072300e+02	1.3581201750e+01
7.0888977100e+02	1.1691089098e+01
7.1103881800e+02	1.0771156750e+01
7.1318792700e+02	1.1247808311e+01
7.1533697500e+02	1.1865962563e+01
7.1748608400e+02	9.3850875669e+00
7.1963513200e+02	1.0457466412e+01
7.2178418000e+02	8.5406218989e+00
7.2393322800e+02	9.1620249459e+00
7.2608233600e+02	9.0795012983e+00
7.2823138400e+02	5.9729614064e+00
7.3038049300e+02	6.9804924989e+00
7.3252954100e+02	6.6873524619e+00
7.3467858900e+02	5.9898962877e+00
7.3682763700e+02	5.5019899046e+00
7.3897674600e+02	4.6754402953e+00
7.4112579300e+02	4.1940699559e+00
7.4327490200e+02	4.9935920452e+00
7.4542395000e+02	5.5440280060e+00
7.4757299800e+02	5.4376144076e+00
7.4972204600e+02	5.1356557445e+00
7.5187115500e+02	5.3941925369e+00
7.5402020300e+02	5.7902798908e+00
7.5616931200e+02	5.4899051862e+00
7.5831835900e+02	6.9231572737e+00
7.6046740700e+02	6.3816436975e+00
7.6261645500e+02	5.7294063236e+00
7.6476556400e+02	5.4186224997e+00
7.6691461200e+02	5.4117899746e+00
7.6906372100e+02	4.2234028962e+00
7.7121276900e+02	5.2536015846e+00
7.7336181600e+02	5.2509314808e+00
7.7551086400e+02	4.7324847897e+00
7.7765997300e+02	4.8250661419e+00
7.7980902100e+02	4.0633588436e+00
7.8195813000e+02	3.6772942286e+00
7.8410717800e+02	3.6958249834e+00
7.8625622600e+02	4.0939888051e+00
7.8840527300e+02	2.6374538494e+00
7.9055438200e+02	3.7583660703e+00
7.9270343000e+02	3.2411564583e+00
7.9485253900e+02	2.8882742974e+00
7.9700158700e+02	1.9461810910e+00
7.9915063500e+02	2.7668396704e+00
8.0129968300e+02	3.4287916888e+00
8.0344879200e+02	2.6701920536e+00
8.0559783900e+02	2.2517824802e+00
8.0774694800e+02	2.1426778819e+00
8.0989599600e+02	2.4866387077e+00
8.1204504400e+02	2.1507706804e+00
8.1419409200e+02	2.4770821688e+00
8.1634320100e+02	1.3831644052e+00
8.1849224900e+02	1.3721027002e+00
8.2064135700e+02	1.4614868603e+00
8.2279040500e+02	1.0906329885e+00
8.2493945300e+02	1.5992953648e+00
8.2708850100e+02	1.8040885778e+00
8.2923761000e+02	1.9044131120e+00
8.3138665800e+02	2.0738858144e+00
8.3353576700e+02	1.8703387839e+00
8.3568481400e+02	2.1681387602e+00
8.3783386200e+02	1.6677356147e+00
8.3998291000e+02	2.0854906179e+00
8.4213201900e+02	2.0165785429e+00
8.4428106700e+02	1.7228517324e+00
8.4643017600e+02	1.9118973589e+00
8.4857922400e+02	1.7813151695e+00
