# Filename: guide/20241127streak_WT_target_DA_FRL_PSI1.ascii
 
Time explicit
Intervalnr 1
11.0931988
6.2937426800e+02	0.0000000000e+00
6.3152331500e+02	0.0000000000e+00
6.3367242400e+02	0.0000000000e+00
6.3582147200e+02	0.0000000000e+00
6.3797052000e+02	0.0000000000e+00
6.4011962900e+02	0.0000000000e+00
6.4226867700e+02	0.0000000000e+00
6.4441772500e+02	0.0000000000e+00
6.4656683300e+02	0.0000000000e+00
6.4871588100e+02	0.0000000000e+00
6.5086492900e+02	0.0000000000e+00
6.5301403800e+02	0.0000000000e+00
6.5516308600e+02	0.0000000000e+00
6.5731213400e+02	0.0000000000e+00
6.5946124300e+02	0.0000000000e+00
6.6161029100e+02	0.0000000000e+00
6.6375933800e+02	0.0000000000e+00
6.6590844700e+02	0.0000000000e+00
6.6805749500e+02	1.3063347672e-04
6.7020654300e+02	0.0000000000e+00
6.7235565200e+02	0.0000000000e+00
6.7450470000e+02	0.0000000000e+00
6.7665374800e+02	0.0000000000e+00
6.7880285600e+02	0.0000000000e+00
6.8095190400e+02	0.0000000000e+00
6.8310095200e+02	6.8663978491e-04
6.8525006100e+02	1.0422297938e-03
6.8739910900e+02	1.1596950828e-03
6.8954815700e+02	1.1010985746e-03
6.9169726600e+02	1.3226410095e-03
6.9384631300e+02	1.8529398063e-03
6.9599536100e+02	1.8737044488e-03
6.9814447000e+02	2.7313290907e-03
7.0029351800e+02	2.4912414408e-03
7.0244256600e+02	2.7397311859e-03
7.0459167500e+02	3.8736795431e-03
7.0674072300e+02	4.5678835079e-03
7.0888977100e+02	5.5597228181e-03
7.1103881800e+02	6.3037664977e-03
7.1318792700e+02	6.8493189846e-03
7.1533697500e+02	7.0664605743e-03
7.1748608400e+02	7.1122155344e-03
7.1963513200e+02	6.7539273523e-03
7.2178418000e+02	6.0889236539e-03
7.2393322800e+02	6.1277056548e-03
7.2608233600e+02	5.0951084389e-03
7.2823138400e+02	4.5349749319e-03
7.3038049300e+02	4.0541065445e-03
7.3252954100e+02	3.0783556742e-03
7.3467858900e+02	2.7930235283e-03
7.3682763700e+02	2.8377421397e-03
7.3897674600e+02	2.1758536718e-03
7.4112579300e+02	2.0438669624e-03
7.4327490200e+02	1.7681744833e-03
7.4542395000e+02	1.3224211151e-03
7.4757299800e+02	1.0044363155e-03
7.4972204600e+02	8.8012613403e-04
7.5187115500e+02	7.6066133241e-04
7.5402020300e+02	5.1982212967e-04
7.5616931200e+02	7.1470705126e-04
7.5831835900e+02	4.9737731466e-04
7.6046740700e+02	4.5913791202e-04
7.6261645500e+02	5.0890464392e-04
7.6476556400e+02	4.3653096284e-04
7.6691461200e+02	1.8869758610e-05
7.6906372100e+02	2.8023540349e-04
7.7121276900e+02	1.4618313138e-04
7.7336181600e+02	2.3461918925e-04
7.7551086400e+02	5.0063313212e-04
7.7765997300e+02	3.5327343927e-04
7.7980902100e+02	3.0765696976e-04
7.8195813000e+02	3.0228356870e-04
7.8410717800e+02	4.0177936284e-04
7.8625622600e+02	3.0418789528e-04
7.8840527300e+02	4.3889962386e-04
7.9055438200e+02	2.8676775215e-04
7.9270343000e+02	1.9661282377e-04
7.9485253900e+02	2.0364568143e-04
7.9700158700e+02	3.9461312986e-04
7.9915063500e+02	2.6048803188e-04
8.0129968300e+02	9.8090856501e-05
8.0344879200e+02	1.9703148082e-06
8.0559783900e+02	1.8453535613e-04
8.0774694800e+02	1.1607050705e-04
8.0989599600e+02	1.8014290700e-04
8.1204504400e+02	0.0000000000e+00
8.1419409200e+02	0.0000000000e+00
8.1634320100e+02	0.0000000000e+00
8.1849224900e+02	0.0000000000e+00
8.2064135700e+02	0.0000000000e+00
8.2279040500e+02	0.0000000000e+00
8.2493945300e+02	0.0000000000e+00
8.2708850100e+02	0.0000000000e+00
8.2923761000e+02	0.0000000000e+00
8.3138665800e+02	0.0000000000e+00
8.3353576700e+02	0.0000000000e+00
8.3568481400e+02	0.0000000000e+00
8.3783386200e+02	0.0000000000e+00
8.3998291000e+02	0.0000000000e+00
8.4213201900e+02	0.0000000000e+00
8.4428106700e+02	0.0000000000e+00
8.4643017600e+02	0.0000000000e+00
8.4857922400e+02	0.0000000000e+00
