# Filename: guide/20241127streak_WT_target_DA_FRL_APC660e.ascii
 
Time explicit
Intervalnr 1
11.0931988
6.2937426800e+02	0.0000000000e+00
6.3152331500e+02	0.0000000000e+00
6.3367242400e+02	0.0000000000e+00
6.3582147200e+02	0.0000000000e+00
6.3797052000e+02	2.4155531119e-04
6.4011962900e+02	0.0000000000e+00
6.4226867700e+02	0.0000000000e+00
6.4441772500e+02	1.2239397478e-03
6.4656683300e+02	4.4121317835e-03
6.4871588100e+02	3.8420649288e-03
6.5086492900e+02	8.7359772858e-03
6.5301403800e+02	1.4181942965e-02
6.5516308600e+02	1.9719824132e-02
6.5731213400e+02	2.2692559522e-02
6.5946124300e+02	2.7088006164e-02
6.6161029100e+02	3.3104885101e-02
6.6375933800e+02	3.6765280506e-02
6.6590844700e+02	3.0901876229e-02
6.6805749500e+02	3.3511105407e-02
6.7020654300e+02	2.8470462237e-02
6.7235565200e+02	2.1139964593e-02
6.7450470000e+02	1.6389713495e-02
6.7665374800e+02	1.3435842217e-02
6.7880285600e+02	8.8846889209e-03
6.8095190400e+02	1.1867636342e-02
6.8310095200e+02	5.7214268005e-03
6.8525006100e+02	5.7778308026e-03
6.8739910900e+02	4.8270158261e-03
6.8954815700e+02	5.7986328033e-03
6.9169726600e+02	4.8288625102e-04
6.9384631300e+02	6.1395110720e-03
6.9599536100e+02	2.8096223657e-03
6.9814447000e+02	6.9735588954e-03
7.0029351800e+02	5.8067222522e-03
7.0244256600e+02	7.4658103285e-03
7.0459167500e+02	5.1807433300e-03
7.0674072300e+02	6.1971800138e-03
7.0888977100e+02	7.7815019494e-03
7.1103881800e+02	7.3685177423e-03
7.1318792700e+02	6.9843722386e-03
7.1533697500e+02	5.7636102955e-03
7.1748608400e+02	5.6892314992e-03
7.1963513200e+02	7.1814063353e-03
7.2178418000e+02	6.1062993880e-03
7.2393322800e+02	5.7745875461e-03
7.2608233600e+02	5.7385889119e-03
7.2823138400e+02	5.0532594838e-03
7.3038049300e+02	4.5569375068e-03
7.3252954100e+02	4.6856584698e-03
7.3467858900e+02	5.3039454662e-03
7.3682763700e+02	3.5377043199e-03
7.3897674600e+02	3.6646635548e-03
7.4112579300e+02	2.1556835518e-03
7.4327490200e+02	2.2388138178e-03
7.4542395000e+02	1.4579417691e-03
7.4757299800e+02	9.1672014426e-04
7.4972204600e+02	1.1694003166e-03
7.5187115500e+02	5.4706496758e-04
7.5402020300e+02	4.1509784993e-04
7.5616931200e+02	2.9180133705e-04
7.5831835900e+02	2.5430663974e-04
7.6046740700e+02	2.7048674766e-04
7.6261645500e+02	3.0548333853e-04
7.6476556400e+02	1.2237050653e-04
7.6691461200e+02	1.6937216495e-04
7.6906372100e+02	1.8564439528e-05
7.7121276900e+02	7.8843807936e-05
7.7336181600e+02	1.3787718223e-04
7.7551086400e+02	5.8662036843e-05
7.7765997300e+02	1.2899900101e-04
7.7980902100e+02	1.7132396165e-04
7.8195813000e+02	1.1699608572e-04
7.8410717800e+02	1.0309199804e-04
7.8625622600e+02	3.0713323011e-04
7.8840527300e+02	3.0135232384e-04
7.9055438200e+02	4.8986827624e-04
7.9270343000e+02	2.8677899341e-04
7.9485253900e+02	3.0937318238e-04
7.9700158700e+02	1.0667832577e-04
7.9915063500e+02	5.1203290130e-04
8.0129968300e+02	1.3326817505e-04
8.0344879200e+02	4.2152860445e-04
8.0559783900e+02	5.2027317805e-04
8.0774694800e+02	3.5222360307e-04
8.0989599600e+02	3.7253217793e-04
8.1204504400e+02	1.1246429175e-04
8.1419409200e+02	3.1524447156e-04
8.1634320100e+02	3.2961110253e-04
8.1849224900e+02	1.0955323417e-04
8.2064135700e+02	2.8331927095e-04
8.2279040500e+02	2.0335553994e-04
8.2493945300e+02	1.9596326460e-04
8.2708850100e+02	4.5667406615e-04
8.2923761000e+02	2.9906548718e-04
8.3138665800e+02	1.7985520441e-04
8.3353576700e+02	1.3845119232e-04
8.3568481400e+02	1.8832170656e-04
8.3783386200e+02	1.1076881252e-04
8.3998291000e+02	8.9376519598e-05
8.4213201900e+02	2.0069436399e-04
8.4428106700e+02	9.1870878099e-05
8.4643017600e+02	8.4035944758e-05
8.4857922400e+02	6.5724996745e-05
