# Filename: guide/20241127streak_DG_target_DA_FRL_PSI2.ascii
 
Time explicit
Intervalnr 1
11.0931988
6.2922522000e+02	0.0000000000e+00
6.3137426800e+02	0.0000000000e+00
6.3352331500e+02	0.0000000000e+00
6.3567242400e+02	0.0000000000e+00
6.3782147200e+02	0.0000000000e+00
6.3997052000e+02	0.0000000000e+00
6.4211962900e+02	0.0000000000e+00
6.4426867700e+02	0.0000000000e+00
6.4641772500e+02	0.0000000000e+00
6.4856683300e+02	0.0000000000e+00
6.5071588100e+02	0.0000000000e+00
6.5286492900e+02	0.0000000000e+00
6.5501403800e+02	0.0000000000e+00
6.5716308600e+02	0.0000000000e+00
6.5931213400e+02	0.0000000000e+00
6.6146124300e+02	0.0000000000e+00
6.6361029100e+02	0.0000000000e+00
6.6575933800e+02	0.0000000000e+00
6.6790844700e+02	0.0000000000e+00
6.7005749500e+02	0.0000000000e+00
6.7220654300e+02	0.0000000000e+00
6.7435565200e+02	0.0000000000e+00
6.7650470000e+02	0.0000000000e+00
6.7865374800e+02	0.0000000000e+00
6.8080285600e+02	0.0000000000e+00
6.8295190400e+02	0.0000000000e+00
6.8510095200e+02	0.0000000000e+00
6.8725006100e+02	0.0000000000e+00
6.8939910900e+02	0.0000000000e+00
6.9154815700e+02	0.0000000000e+00
6.9369726600e+02	0.0000000000e+00
6.9584631300e+02	0.0000000000e+00
6.9799536100e+02	0.0000000000e+00
7.0014447000e+02	1.0787774094e-03
7.0229351800e+02	1.5634731376e-03
7.0444256600e+02	2.2413128524e-03
7.0659167500e+02	3.3926873326e-03
7.0874072300e+02	5.1096958230e-03
7.1088977100e+02	7.0372755994e-03
7.1303881800e+02	9.5541543440e-03
7.1518792700e+02	1.2366369993e-02
7.1733697500e+02	1.4956523201e-02
7.1948608400e+02	1.7551337079e-02
7.2163513200e+02	1.9094855527e-02
7.2378418000e+02	2.0022867602e-02
7.2593322800e+02	2.0040379708e-02
7.2808233600e+02	1.9593709318e-02
7.3023138400e+02	1.7961114093e-02
7.3238049300e+02	1.6724249712e-02
7.3452954100e+02	1.5024461857e-02
7.3667858900e+02	1.3480965654e-02
7.3882763700e+02	1.2080316352e-02
7.4097674600e+02	1.0362186534e-02
7.4312579300e+02	9.3800953468e-03
7.4527490200e+02	7.7504460965e-03
7.4742395000e+02	6.9786615507e-03
7.4957299800e+02	6.2637362128e-03
7.5172204600e+02	5.4968488755e-03
7.5387115500e+02	4.8155504301e-03
7.5602020300e+02	4.1871913680e-03
7.5816931200e+02	3.9748943860e-03
7.6031835900e+02	3.5192222203e-03
7.6246740700e+02	3.2669680228e-03
7.6461645500e+02	3.1127775947e-03
7.6676556400e+02	2.8683957624e-03
7.6891461200e+02	2.6834725189e-03
7.7106372100e+02	2.6021912350e-03
7.7321276900e+02	2.5101528304e-03
7.7536181600e+02	2.5543609858e-03
7.7751086400e+02	2.4448954382e-03
7.7965997300e+02	2.4811294880e-03
7.8180902100e+02	2.3727165469e-03
7.8395813000e+02	2.4760256415e-03
7.8610717800e+02	2.4539746662e-03
7.8825622600e+02	2.2991980201e-03
7.9040527300e+02	2.2503983259e-03
7.9255438200e+02	2.3209831697e-03
7.9470343000e+02	2.2919514470e-03
7.9685253900e+02	2.1252251486e-03
7.9900158700e+02	1.9536759313e-03
8.0115063500e+02	1.8888449075e-03
8.0329968300e+02	1.9003583138e-03
8.0544879200e+02	1.8126761542e-03
8.0759783900e+02	1.6606067158e-03
8.0974694800e+02	1.6031579432e-03
8.1189599600e+02	1.6783705715e-03
8.1404504400e+02	1.4107916267e-03
8.1619409200e+02	1.3817129971e-03
8.1834320100e+02	1.2605236677e-03
8.2049224900e+02	1.1990659449e-03
8.2264135700e+02	1.0415733531e-03
8.2479040500e+02	9.3257281943e-04
8.2693945300e+02	9.0669565712e-04
8.2908850100e+02	8.1514490333e-04
8.3123761000e+02	7.6939429161e-04
8.3338665800e+02	6.8330697847e-04
8.3553576700e+02	6.5120220122e-04
8.3768481400e+02	5.9157995969e-04
8.3983386200e+02	5.1775000739e-04
8.4198291000e+02	4.8446054979e-04
8.4413201900e+02	4.4881946496e-04
8.4628106700e+02	3.7143190779e-04
8.4843017600e+02	3.6043046782e-04
