# Filename: guide/20241113streak_DG_target_DA_FRL_APC660t.ascii
 
Time explicit
Intervalnr 1
11.0931988
6.2922522000e+02	0.0000000000e+00
6.3137426800e+02	0.0000000000e+00
6.3352331500e+02	1.0607823572e+00
6.3567242400e+02	0.0000000000e+00
6.3782147200e+02	2.0476231903e+00
6.3997052000e+02	7.3436276102e-03
6.4211962900e+02	0.0000000000e+00
6.4426867700e+02	5.2195342480e+00
6.4641772500e+02	1.8168411871e+01
6.4856683300e+02	1.4947182436e+01
6.5071588100e+02	3.5186863508e+01
6.5286492900e+02	5.7700629470e+01
6.5501403800e+02	7.9667854610e+01
6.5716308600e+02	8.8133633951e+01
6.5931213400e+02	1.0288263962e+02
6.6146124300e+02	1.2358075555e+02
6.6361029100e+02	1.3812753855e+02
6.6575933800e+02	1.1533612133e+02
6.6790844700e+02	1.2721233524e+02
6.7005749500e+02	1.0816577601e+02
6.7220654300e+02	8.0341078092e+01
6.7435565200e+02	5.9794902810e+01
6.7650470000e+02	4.9942062534e+01
6.7865374800e+02	3.2583684132e+01
6.8080285600e+02	5.2374106872e+01
6.8295190400e+02	2.4029711949e+01
6.8510095200e+02	2.3682571103e+01
6.8725006100e+02	1.7396414144e+01
6.8939910900e+02	2.2481082214e+01
6.9154815700e+02	6.5389259585e-01
6.9369726600e+02	2.3234592143e+01
6.9584631300e+02	9.7963234411e+00
6.9799536100e+02	2.6408031461e+01
7.0014447000e+02	2.0853408948e+01
7.0229351800e+02	2.7746963457e+01
7.0444256600e+02	1.7926891708e+01
7.0659167500e+02	2.1981231412e+01
7.0874072300e+02	2.9771728046e+01
7.1088977100e+02	2.8919161064e+01
7.1303881800e+02	2.8116203059e+01
7.1518792700e+02	2.2451664440e+01
7.1733697500e+02	2.2036869468e+01
7.1948608400e+02	2.7514025925e+01
7.2163513200e+02	2.3749807281e+01
7.2378418000e+02	2.3136857153e+01
7.2593322800e+02	2.1434780058e+01
7.2808233600e+02	1.7559558221e+01
7.3023138400e+02	1.7057566446e+01
7.3238049300e+02	1.6449865794e+01
7.3452954100e+02	1.9636850053e+01
7.3667858900e+02	1.1790105646e+01
7.3882763700e+02	1.2171616206e+01
7.4097674600e+02	5.4545031725e+00
7.4312579300e+02	6.3673868882e+00
7.4527490200e+02	3.5687635017e+00
7.4742395000e+02	1.7532804385e+00
7.4957299800e+02	2.5603660711e+00
7.5172204600e+02	7.7158544285e-01
7.5387115500e+02	5.9468916743e-01
7.5602020300e+02	4.9745990024e-01
7.5816931200e+02	2.5823414143e-01
7.6031835900e+02	1.8632870315e-01
7.6246740700e+02	2.6154584867e-01
7.6461645500e+02	0.0000000000e+00
7.6676556400e+02	0.0000000000e+00
7.6891461200e+02	0.0000000000e+00
7.7106372100e+02	0.0000000000e+00
7.7321276900e+02	0.0000000000e+00
7.7536181600e+02	5.7479313493e-02
7.7751086400e+02	7.9796699630e-02
7.7965997300e+02	8.7306603218e-02
7.8180902100e+02	3.1803351991e-01
7.8395813000e+02	6.2084789301e-02
7.8610717800e+02	3.9145793646e-01
7.8825622600e+02	7.4084887410e-01
7.9040527300e+02	1.7047285870e+00
7.9255438200e+02	8.2207740314e-01
7.9470343000e+02	8.1391327107e-01
7.9685253900e+02	9.3067311202e-02
7.9900158700e+02	1.4136114528e+00
8.0115063500e+02	1.0776936949e-01
8.0329968300e+02	1.4655555499e+00
8.0544879200e+02	2.0438328717e+00
8.0759783900e+02	1.1871599773e+00
8.0974694800e+02	1.2242246356e+00
8.1189599600e+02	6.5440532702e-02
8.1404504400e+02	9.9699123412e-01
8.1619409200e+02	1.1780988614e+00
8.1834320100e+02	1.9030142588e-02
8.2049224900e+02	6.6065380298e-01
8.2264135700e+02	5.5311960992e-01
8.2479040500e+02	5.2387946707e-01
8.2693945300e+02	1.5664727069e+00
8.2908850100e+02	9.7567324482e-01
8.3123761000e+02	3.8726172420e-01
8.3338665800e+02	3.6277850706e-01
8.3553576700e+02	7.0644683598e-01
8.3768481400e+02	1.3853411352e-01
8.3983386200e+02	1.0920935541e-01
8.4198291000e+02	7.2886301827e-01
8.4413201900e+02	3.4291253621e-01
8.4628106700e+02	9.0384623354e-02
8.4843017600e+02	8.8411458403e-02
