# Filename: guide/20240729PSend_77Kstreak_DG_target_FRL610r2.ascii
 
Time explicit
Intervalnr 1
11.0931988
6.2937426800e+02	7.2481064456e+00
6.3152331500e+02	6.2523194811e+00
6.3367242400e+02	8.5337855029e+00
6.3582147200e+02	9.9226539846e+00
6.3797052000e+02	9.7017979951e+00
6.4011962900e+02	2.7716509040e+01
6.4226867700e+02	3.1654004751e+01
6.4441772500e+02	3.9914128363e+01
6.4656683300e+02	4.8403259659e+01
6.4871588100e+02	7.0845871666e+01
6.5086492900e+02	8.4920734954e+01
6.5301403800e+02	1.0524300811e+02
6.5516308600e+02	1.2838344984e+02
6.5731213400e+02	1.4638102752e+02
6.5946124300e+02	1.7454291162e+02
6.6161029100e+02	2.0073391265e+02
6.6375933800e+02	2.1959900778e+02
6.6590844700e+02	2.2696736763e+02
6.6805749500e+02	2.2908899830e+02
6.7020654300e+02	2.1366217829e+02
6.7235565200e+02	1.8952609570e+02
6.7450470000e+02	1.7455722421e+02
6.7665374800e+02	1.6021877350e+02
6.7880285600e+02	1.6619489580e+02
6.8095190400e+02	1.7948013681e+02
6.8310095200e+02	2.1802281479e+02
6.8525006100e+02	2.3234767531e+02
6.8739910900e+02	2.4634352731e+02
6.8954815700e+02	2.2780096157e+02
6.9169726600e+02	2.0843387799e+02
6.9384631300e+02	1.7169233478e+02
6.9599536100e+02	1.5262569598e+02
6.9814447000e+02	1.3539522795e+02
7.0029351800e+02	1.4147786171e+02
7.0244256600e+02	1.3156270755e+02
7.0459167500e+02	1.3134938841e+02
7.0674072300e+02	1.4584120085e+02
7.0888977100e+02	1.3918146736e+02
7.1103881800e+02	1.5332765988e+02
7.1318792700e+02	1.5737631435e+02
7.1533697500e+02	1.5498174319e+02
7.1748608400e+02	1.5994242368e+02
7.1963513200e+02	1.5946069156e+02
7.2178418000e+02	1.5386795796e+02
7.2393322800e+02	1.4898896432e+02
7.2608233600e+02	1.5198122369e+02
7.2823138400e+02	1.3883495749e+02
7.3038049300e+02	1.3515626843e+02
7.3252954100e+02	1.3075337864e+02
7.3467858900e+02	1.2006142463e+02
7.3682763700e+02	1.1594605843e+02
7.3897674600e+02	1.0444081231e+02
7.4112579300e+02	1.0152615458e+02
7.4327490200e+02	9.6467985394e+01
7.4542395000e+02	9.4601618804e+01
7.4757299800e+02	8.8905429617e+01
7.4972204600e+02	7.7412410713e+01
7.5187115500e+02	7.7082008991e+01
7.5402020300e+02	7.4218545733e+01
7.5616931200e+02	6.6955962126e+01
7.5831835900e+02	5.6453441241e+01
7.6046740700e+02	5.7334553500e+01
7.6261645500e+02	4.9547811564e+01
7.6476556400e+02	4.8079335130e+01
7.6691461200e+02	4.4160414836e+01
7.6906372100e+02	4.0968757156e+01
7.7121276900e+02	3.9076506665e+01
7.7336181600e+02	3.6239445499e+01
7.7551086400e+02	3.4367861516e+01
7.7765997300e+02	3.0912340121e+01
7.7980902100e+02	3.1813608202e+01
7.8195813000e+02	2.7024495013e+01
7.8410717800e+02	2.6290831947e+01
7.8625622600e+02	2.2625957678e+01
7.8840527300e+02	2.3549382800e+01
7.9055438200e+02	2.1660256812e+01
7.9270343000e+02	1.9411321355e+01
7.9485253900e+02	2.0415178568e+01
7.9700158700e+02	1.8735645683e+01
7.9915063500e+02	1.9609898106e+01
8.0129968300e+02	1.8164951624e+01
8.0344879200e+02	1.7569641736e+01
8.0559783900e+02	1.1390366501e+01
8.0774694800e+02	1.5754623832e+01
8.0989599600e+02	1.4884748617e+01
8.1204504400e+02	1.4430697856e+01
8.1419409200e+02	1.1979611291e+01
8.1634320100e+02	1.1139988540e+01
8.1849224900e+02	1.1240019924e+01
8.2064135700e+02	1.1089023258e+01
8.2279040500e+02	1.1208405421e+01
8.2493945300e+02	9.1045163907e+00
8.2708850100e+02	9.6334517942e+00
8.2923761000e+02	8.5764839003e+00
8.3138665800e+02	9.0132979820e+00
8.3353576700e+02	7.9600928065e+00
8.3568481400e+02	8.3828215134e+00
8.3783386200e+02	7.6049218741e+00
8.3998291000e+02	7.9205337388e+00
8.4213201900e+02	4.9721098135e+00
8.4428106700e+02	5.4552981239e+00
8.4643017600e+02	5.5828234186e+00
8.4857922400e+02	4.9631004742e+00
