# Filename: guide/20241113streak_DG_target_DA_FRL_PSII1.ascii
 
Time explicit
Intervalnr 1
11.0931988
6.2922522000e+02	0.0000000000e+00
6.3137426800e+02	0.0000000000e+00
6.3352331500e+02	0.0000000000e+00
6.3567242400e+02	0.0000000000e+00
6.3782147200e+02	0.0000000000e+00
6.3997052000e+02	0.0000000000e+00
6.4211962900e+02	0.0000000000e+00
6.4426867700e+02	0.0000000000e+00
6.4641772500e+02	0.0000000000e+00
6.4856683300e+02	0.0000000000e+00
6.5071588100e+02	0.0000000000e+00
6.5286492900e+02	0.0000000000e+00
6.5501403800e+02	0.0000000000e+00
6.5716308600e+02	0.0000000000e+00
6.5931213400e+02	0.0000000000e+00
6.6146124300e+02	0.0000000000e+00
6.6361029100e+02	1.2101798572e+01
6.6575933800e+02	3.6471827399e+01
6.6790844700e+02	4.0324767404e+01
6.7005749500e+02	5.6597084707e+01
6.7220654300e+02	5.7140300018e+01
6.7435565200e+02	6.4318788892e+01
6.7650470000e+02	7.6399663070e+01
6.7865374800e+02	9.3252043673e+01
6.8080285600e+02	8.8576206982e+01
6.8295190400e+02	1.3262554368e+02
6.8510095200e+02	1.4842441830e+02
6.8725006100e+02	1.6509253954e+02
6.8939910900e+02	1.5321997846e+02
6.9154815700e+02	1.5123803747e+02
6.9369726600e+02	1.2981818800e+02
6.9584631300e+02	1.1527900102e+02
6.9799536100e+02	9.3249397058e+01
7.0014447000e+02	8.5182457987e+01
7.0229351800e+02	6.9757960988e+01
7.0444256600e+02	6.8199179375e+01
7.0659167500e+02	5.6356061010e+01
7.0874072300e+02	4.6833964400e+01
7.1088977100e+02	4.0998915241e+01
7.1303881800e+02	3.8323402230e+01
7.1518792700e+02	2.8717301339e+01
7.1733697500e+02	2.1095180825e+01
7.1948608400e+02	7.1556272581e+00
7.2163513200e+02	1.2310712556e+01
7.2378418000e+02	6.9475106530e+00
7.2593322800e+02	2.1679594348e+00
7.2808233600e+02	0.0000000000e+00
7.3023138400e+02	2.6942443683e+00
7.3238049300e+02	1.2052951810e-01
7.3452954100e+02	5.3351546123e+00
7.3667858900e+02	6.4280898361e+00
7.3882763700e+02	1.0296091973e+01
7.4097674600e+02	1.6315780147e+01
7.4312579300e+02	1.8414890621e+01
7.4527490200e+02	2.2440841442e+01
7.4742395000e+02	2.5970128130e+01
7.4957299800e+02	2.6096861862e+01
7.5172204600e+02	2.9792210041e+01
7.5387115500e+02	2.7867136485e+01
7.5602020300e+02	2.6630988340e+01
7.5816931200e+02	2.6199937496e+01
7.6031835900e+02	2.5135369779e+01
7.6246740700e+02	2.3372771926e+01
7.6461645500e+02	1.9790676389e+01
7.6676556400e+02	1.7504814717e+01
7.6891461200e+02	1.7605794791e+01
7.7106372100e+02	1.7245698220e+01
7.7321276900e+02	1.5731964924e+01
7.7536181600e+02	1.4934961429e+01
7.7751086400e+02	1.3068273073e+01
7.7965997300e+02	1.1548146814e+01
7.8180902100e+02	1.2574117463e+01
7.8395813000e+02	9.6690023862e+00
7.8610717800e+02	6.4735571966e+00
7.8825622600e+02	6.5226884466e+00
7.9040527300e+02	5.9764935185e+00
7.9255438200e+02	5.7738090340e+00
7.9470343000e+02	3.0101158669e+00
7.9685253900e+02	4.7401565454e+00
7.9900158700e+02	4.2654843019e+00
8.0115063500e+02	4.0677132698e+00
8.0329968300e+02	3.9012106064e+00
8.0544879200e+02	3.1414842365e+00
8.0759783900e+02	3.5712360191e+00
8.0974694800e+02	3.0651474420e+00
8.1189599600e+02	3.2950060010e+00
8.1404504400e+02	4.1457940038e+00
8.1619409200e+02	3.1345380239e+00
8.1834320100e+02	3.0211479298e+00
8.2049224900e+02	2.7772480576e+00
8.2264135700e+02	3.1346835176e+00
8.2479040500e+02	3.3134059576e+00
8.2693945300e+02	2.3008966822e+00
8.2908850100e+02	3.0258436677e+00
8.3123761000e+02	3.0874463862e+00
8.3338665800e+02	2.8706519902e+00
8.3553576700e+02	3.0943889152e+00
8.3768481400e+02	3.0586864292e+00
8.3983386200e+02	2.8729134816e+00
8.4198291000e+02	2.3474700800e+00
8.4413201900e+02	3.0318875328e+00
8.4628106700e+02	2.5923511976e+00
8.4843017600e+02	2.1645982465e+00
