# Filename: guide/20241127streak_DG_target_DA_FRL_APC660t.ascii
 
Time explicit
Intervalnr 1
11.0931988
6.2922522000e+02	0.0000000000e+00
6.3137426800e+02	0.0000000000e+00
6.3352331500e+02	8.2828313865e-05
6.3567242400e+02	0.0000000000e+00
6.3782147200e+02	8.1027782066e-04
6.3997052000e+02	6.0973665837e-04
6.4211962900e+02	8.0115972867e-04
6.4426867700e+02	2.7490513176e-03
6.4641772500e+02	6.2661649109e-03
6.4856683300e+02	6.0372913790e-03
6.5071588100e+02	1.0657831873e-02
6.5286492900e+02	1.5506766248e-02
6.5501403800e+02	2.0537043471e-02
6.5716308600e+02	2.2849863920e-02
6.5931213400e+02	2.6704503530e-02
6.6146124300e+02	3.2424629684e-02
6.6361029100e+02	3.5074795194e-02
6.6575933800e+02	3.0056199834e-02
6.6790844700e+02	3.2633522897e-02
6.7005749500e+02	2.7593007179e-02
6.7220654300e+02	2.0428189667e-02
6.7435565200e+02	1.6066539934e-02
6.7650470000e+02	1.3495953548e-02
6.7865374800e+02	9.5420415614e-03
6.8080285600e+02	1.1667571262e-02
6.8295190400e+02	6.3301623043e-03
6.8510095200e+02	6.5864869691e-03
6.8725006100e+02	5.1979794069e-03
6.8939910900e+02	5.8206316670e-03
6.9154815700e+02	4.0127887596e-04
6.9369726600e+02	5.2777857634e-03
6.9584631300e+02	2.0696821110e-03
6.9799536100e+02	5.8843319065e-03
7.0014447000e+02	4.9242320818e-03
7.0229351800e+02	6.3590633365e-03
7.0444256600e+02	4.2457099809e-03
7.0659167500e+02	5.4375627163e-03
7.0874072300e+02	7.1868091940e-03
7.1088977100e+02	6.6735930709e-03
7.1303881800e+02	6.4396178271e-03
7.1518792700e+02	5.3196699616e-03
7.1733697500e+02	5.4713890222e-03
7.1948608400e+02	6.1957532366e-03
7.2163513200e+02	5.8386085908e-03
7.2378418000e+02	6.0104166854e-03
7.2593322800e+02	5.4064105044e-03
7.2808233600e+02	5.0987730997e-03
7.3023138400e+02	4.5673078573e-03
7.3238049300e+02	4.6747018299e-03
7.3452954100e+02	5.2041149479e-03
7.3667858900e+02	3.6338912417e-03
7.3882763700e+02	3.5922249092e-03
7.4097674600e+02	2.3222037362e-03
7.4312579300e+02	2.4785918109e-03
7.4527490200e+02	1.7954430240e-03
7.4742395000e+02	1.4245148936e-03
7.4957299800e+02	1.2698665764e-03
7.5172204600e+02	7.7540981351e-04
7.5387115500e+02	7.0213249631e-04
7.5602020300e+02	5.0446812799e-04
7.5816931200e+02	5.1527017014e-04
7.6031835900e+02	2.8490064938e-04
7.6246740700e+02	3.5187420119e-04
7.6461645500e+02	1.3018811066e-04
7.6676556400e+02	8.7232732120e-05
7.6891461200e+02	1.7114495566e-04
7.7106372100e+02	1.2948863712e-04
7.7321276900e+02	1.0240940779e-04
7.7536181600e+02	1.6673712540e-04
7.7751086400e+02	1.4555443590e-04
7.7965997300e+02	1.6106392611e-04
7.8180902100e+02	2.2211346279e-04
7.8395813000e+02	1.5103546381e-04
7.8610717800e+02	2.6664989963e-04
7.8825622600e+02	2.6791110655e-04
7.9040527300e+02	4.8009988652e-04
7.9255438200e+02	3.3002484597e-04
7.9470343000e+02	2.8182214392e-04
7.9685253900e+02	1.9349814218e-04
7.9900158700e+02	3.8230630453e-04
8.0115063500e+02	1.5114633946e-04
8.0329968300e+02	3.9729270420e-04
8.0544879200e+02	4.7521893304e-04
8.0759783900e+02	3.7507789496e-04
8.0974694800e+02	3.2787892189e-04
8.1189599600e+02	1.7097211428e-04
8.1404504400e+02	3.5409535944e-04
8.1619409200e+02	3.7553727592e-04
8.1834320100e+02	1.7185032705e-04
8.2049224900e+02	2.9544709270e-04
8.2264135700e+02	2.4426352071e-04
8.2479040500e+02	2.3090464000e-04
8.2693945300e+02	3.9702623844e-04
8.2908850100e+02	2.8572330593e-04
8.3123761000e+02	1.4728700126e-04
8.3338665800e+02	1.9169792173e-04
8.3553576700e+02	2.3397340909e-04
8.3768481400e+02	9.8294912192e-05
8.3983386200e+02	5.5497051761e-05
8.4198291000e+02	1.6397258187e-04
8.4413201900e+02	1.0527065262e-04
8.4628106700e+02	5.9275670513e-05
8.4843017600e+02	6.1739302614e-05
