20241127streak_WT_target_DA_FRL_PSI3int.ascii                                                                                                                                                           
                                                                                
 Time explicit
 Intervalnr            1
           1
   653.851318      -1.51158834E-03
   656.132324      -1.22562121E-03
   658.413330      -9.39654186E-04
   660.694275      -6.53694791E-04
   662.975220      -3.67735338E-04
   665.256226      -8.17682812E-05
   667.537170       2.04191136E-04
   669.818176       4.90158214E-04
   672.099182       7.76125293E-04
   674.380188       1.06209237E-03
   676.661194       1.34805939E-03
   678.942200       1.63402653E-03
   681.223083       1.91997830E-03
   683.504211       2.20596069E-03
   685.785217       2.49192771E-03
   688.066223       2.77789473E-03
   690.347107       3.06384661E-03
   692.628113       2.55645402E-02
   694.909119       8.02868530E-02
   697.190125      0.135009170    
   699.471130      0.189731479    
   701.752075      0.244452327    
   704.033081      0.299174637    
   706.314087      0.353896976    
   708.595093      0.408619285    
   710.875977      0.463338673    
   713.156982      0.518060982    
   715.437988      0.572783291    
   717.719116      0.625397146    
   720.000000      0.659450531    
   722.281006      0.693505764    
   724.562012      0.727560997    
   726.843018      0.761616170    
   729.124023      0.795671403    
   731.405029      0.829726636    
   733.685974      0.863780975    
   735.966980      0.897836149    
   738.247986      0.931891382    
   740.528870      0.965944767    
   742.809875               1
   745.090881      0.953389525    
   747.371887      0.886122525    
   749.652893      0.818855524    
   751.933899      0.751588583    
   754.214905      0.684321582    
   756.495911      0.617054641    
   758.776917      0.549787641    
   761.057922      0.482520670    
   763.338928      0.415253699    
   765.619873      0.347988516    
   767.900879      0.280721545    
   770.181824      0.213456377    
   772.462830      0.146189407    
   774.743774       7.89242238E-02
   777.024780       1.16572501E-02
