# Filename: guide/20240730DG_PBS_77Kstreak_target_APC680.ascii
 
Time explicit
Intervalnr 1
19.4186287
5.9239910900e+02	2.5371801835e+00
5.9669726600e+02	2.2820961381e+00
6.0099536100e+02	1.8551908103e+00
6.0529351800e+02	0.0000000000e+00
6.0959167500e+02	0.0000000000e+00
6.1388977100e+02	0.0000000000e+00
6.1818792700e+02	3.9837367169e+00
6.2248608400e+02	3.1701952078e+00
6.2678418000e+02	3.8056478866e+00
6.3108233600e+02	5.7282324765e+00
6.3538049300e+02	7.4091628715e+00
6.3967858900e+02	1.1933326829e+01
6.4397674600e+02	2.1655817648e+01
6.4827490200e+02	5.0434810690e+01
6.5257299800e+02	8.9117673059e+01
6.5687115500e+02	1.3093231944e+02
6.6116931200e+02	1.3514065340e+02
6.6546740700e+02	1.7384802720e+02
6.6976556400e+02	2.4448441265e+02
6.7406372100e+02	4.4098436007e+02
6.7836181600e+02	6.8932701230e+02
6.8265997300e+02	7.8081032428e+02
6.8695813000e+02	6.2105085100e+02
6.9125622600e+02	3.8054792664e+02
6.9555438200e+02	2.4717249117e+02
6.9985253900e+02	1.6751698548e+02
7.0415063500e+02	1.2919625786e+02
7.0844879200e+02	1.2083175786e+02
7.1274694800e+02	1.1288697044e+02
7.1704504400e+02	1.1391601073e+02
7.2134320100e+02	9.6821218985e+01
7.2564135700e+02	8.8320489885e+01
7.2993945300e+02	9.4130714323e+01
7.3423761000e+02	8.1869211956e+01
7.3853576700e+02	8.9777891077e+01
7.4283386200e+02	9.2907861330e+01
7.4713201900e+02	8.9715194835e+01
7.5143017600e+02	8.0405305853e+01
7.5572827100e+02	6.8324914379e+01
7.6002642800e+02	5.8709416492e+01
7.6432458500e+02	5.2233755915e+01
7.6862268100e+02	4.6960368572e+01
7.7292083700e+02	3.6118204805e+01
7.7721899400e+02	2.7849680298e+01
7.8151709000e+02	2.2072453775e+01
7.8581524700e+02	1.8612540831e+01
7.9011340300e+02	1.5223877918e+01
7.9441149900e+02	1.3355458692e+01
7.9870965600e+02	1.2361760872e+01
8.0300781200e+02	1.0279642789e+01
8.0730590800e+02	9.4090542696e+00
8.1160406500e+02	8.2519475575e+00
8.1590222200e+02	8.3067694500e+00
8.2020031700e+02	7.5701622785e+00
8.2449847400e+02	8.1212157357e+00
8.2879663100e+02	4.9638361978e+00
8.3309472700e+02	4.3627253428e+00
8.3739288300e+02	5.4842906338e+00
8.4169104000e+02	3.3119843799e+00
8.4598913600e+02	2.9619771056e+00
