# Filename: guide/20240729PSend_77Kstreak_DG_target_FRL610r3.ascii
 
Time explicit
Intervalnr 1
11.0931988
6.2937426800e+02	1.0709479057e+00
6.3152331500e+02	1.7969490448e+00
6.3367242400e+02	1.5951100036e+00
6.3582147200e+02	1.5271012291e+00
6.3797052000e+02	2.0624890136e+00
6.4011962900e+02	9.3415716966e-02
6.4226867700e+02	1.4895275975e+00
6.4441772500e+02	2.7166916292e+00
6.4656683300e+02	5.1643080626e+00
6.4871588100e+02	4.6802135860e+00
6.5086492900e+02	7.2967566802e+00
6.5301403800e+02	9.2545710003e+00
6.5516308600e+02	1.0835181674e+01
6.5731213400e+02	1.2854636434e+01
6.5946124300e+02	1.5178402987e+01
6.6161029100e+02	1.6409909754e+01
6.6375933800e+02	1.8815430439e+01
6.6590844700e+02	2.1435184851e+01
6.6805749500e+02	2.4888886602e+01
6.7020654300e+02	2.8978910455e+01
6.7235565200e+02	3.2599955287e+01
6.7450470000e+02	3.1463262373e+01
6.7665374800e+02	3.2423682079e+01
6.7880285600e+02	3.6105828133e+01
6.8095190400e+02	4.2012584885e+01
6.8310095200e+02	4.8648038675e+01
6.8525006100e+02	5.7124564120e+01
6.8739910900e+02	6.2711818868e+01
6.8954815700e+02	7.4859000842e+01
6.9169726600e+02	8.6405207127e+01
6.9384631300e+02	9.4012233396e+01
6.9599536100e+02	9.0903807692e+01
6.9814447000e+02	8.1162351337e+01
7.0029351800e+02	6.6525495249e+01
7.0244256600e+02	5.7481779873e+01
7.0459167500e+02	5.1934137903e+01
7.0674072300e+02	4.7632934392e+01
7.0888977100e+02	5.3909410373e+01
7.1103881800e+02	6.1094345678e+01
7.1318792700e+02	6.6958888545e+01
7.1533697500e+02	7.5470784001e+01
7.1748608400e+02	8.5293596793e+01
7.1963513200e+02	9.1751919313e+01
7.2178418000e+02	9.3487493014e+01
7.2393322800e+02	9.3913673802e+01
7.2608233600e+02	8.9394472680e+01
7.2823138400e+02	8.2954196301e+01
7.3038049300e+02	7.7593949676e+01
7.3252954100e+02	6.8072029176e+01
7.3467858900e+02	6.3049149442e+01
7.3682763700e+02	5.7437988962e+01
7.3897674600e+02	5.1279360704e+01
7.4112579300e+02	4.7717311216e+01
7.4327490200e+02	4.3369076909e+01
7.4542395000e+02	3.7556273331e+01
7.4757299800e+02	3.7177435712e+01
7.4972204600e+02	3.7081135280e+01
7.5187115500e+02	3.3954992381e+01
7.5402020300e+02	3.1568674201e+01
7.5616931200e+02	3.0944943117e+01
7.5831835900e+02	3.0848771195e+01
7.6046740700e+02	2.6326803830e+01
7.6261645500e+02	2.5380407234e+01
7.6476556400e+02	2.2781806746e+01
7.6691461200e+02	2.1937862805e+01
7.6906372100e+02	2.1501203790e+01
7.7121276900e+02	1.8705158228e+01
7.7336181600e+02	1.7705402955e+01
7.7551086400e+02	1.8606947113e+01
7.7765997300e+02	1.6781423161e+01
7.7980902100e+02	1.5884723862e+01
7.8195813000e+02	1.4916918365e+01
7.8410717800e+02	1.4444675842e+01
7.8625622600e+02	1.3816429521e+01
7.8840527300e+02	1.2962881319e+01
7.9055438200e+02	1.1616551466e+01
7.9270343000e+02	1.2163117250e+01
7.9485253900e+02	1.0879665308e+01
7.9700158700e+02	9.9248201282e+00
7.9915063500e+02	9.4572198136e+00
8.0129968300e+02	8.9549738853e+00
8.0344879200e+02	8.0635257227e+00
8.0559783900e+02	9.4723371183e+00
8.0774694800e+02	7.5102247214e+00
8.0989599600e+02	7.7042071818e+00
8.1204504400e+02	6.6716209913e+00
8.1419409200e+02	6.1615346775e+00
8.1634320100e+02	6.4246135103e+00
8.1849224900e+02	5.2224824036e+00
8.2064135700e+02	5.0636642776e+00
8.2279040500e+02	4.5089287617e+00
8.2493945300e+02	4.1735726681e+00
8.2708850100e+02	4.3003932249e+00
8.2923761000e+02	3.8308598288e+00
8.3138665800e+02	3.5744893244e+00
8.3353576700e+02	3.3844393475e+00
8.3568481400e+02	2.7011777597e+00
8.3783386200e+02	2.6385674810e+00
8.3998291000e+02	1.9793979372e+00
8.4213201900e+02	2.9202820871e+00
8.4428106700e+02	2.6569854805e+00
8.4643017600e+02	1.9565334217e+00
8.4857922400e+02	1.9196551665e+00
