# Filename: guide/20241130streak_WT_target_DA_glycerol_PSII3.ascii
 
Time explicit
Intervalnr 1
0.0
6.5309088100e+02	7.2163215353e-04
6.5404138200e+02	6.9276738278e-04
6.5499182100e+02	7.5392387125e-04
6.5594220000e+02	7.0998890552e-04
6.5689257800e+02	8.6901892220e-04
6.5784301800e+02	7.7791154282e-04
6.5879339600e+02	9.5215955782e-04
6.5974377400e+02	8.8353350569e-04
6.6069427500e+02	9.9980102635e-04
6.6164471400e+02	9.6644620469e-04
6.6259509300e+02	1.1192756077e-03
6.6354547100e+02	1.0080197567e-03
6.6449591100e+02	1.3167705939e-03
6.6544628900e+02	8.2687789258e-04
6.6639672900e+02	1.6043948385e-03
6.6734722900e+02	1.6873130846e-03
6.6829748500e+02	1.2600881211e-03
6.6924798600e+02	1.9322477165e-03
6.7019842500e+02	1.8061392866e-03
6.7114880400e+02	2.1901116668e-03
6.7209918200e+02	1.9843316160e-03
6.7304962200e+02	2.5946546696e-03
6.7400000000e+02	3.2705580407e-03
6.7495037800e+02	3.5614161738e-03
6.7590087900e+02	4.6657632297e-03
6.7685131800e+02	5.3521288612e-03
6.7780169700e+02	6.1609278426e-03
6.7875207500e+02	7.5664468798e-03
6.7970251500e+02	8.2314199456e-03
6.8065289300e+02	1.0265133636e-02
6.8160327100e+02	1.0485584044e-02
6.8255377200e+02	1.1136813150e-02
6.8350421100e+02	1.2485387347e-02
6.8445459000e+02	1.2279717879e-02
6.8540502900e+02	1.2884630130e-02
6.8635540800e+02	1.2400442782e-02
6.8730578600e+02	1.3000891727e-02
6.8825622600e+02	1.1823767062e-02
6.8920672600e+02	1.1740749624e-02
6.9015698200e+02	1.1460555415e-02
6.9110748300e+02	1.0620023681e-02
6.9205792200e+02	1.0476139449e-02
6.9300830100e+02	9.4419992530e-03
6.9395867900e+02	9.3093582909e-03
6.9490911900e+02	8.8934288638e-03
6.9585961900e+02	7.9236948997e-03
6.9680987500e+02	7.6308139298e-03
6.9776037600e+02	7.2588706327e-03
6.9871081500e+02	6.9790077710e-03
6.9966119400e+02	6.5724832047e-03
7.0061157200e+02	5.6094426137e-03
7.0156201200e+02	5.7026366911e-03
7.0251251200e+02	5.3142046065e-03
7.0346283000e+02	5.3532950617e-03
7.0441333000e+02	4.4841091937e-03
7.0536358600e+02	4.7826703541e-03
7.0631408700e+02	4.5819869004e-03
7.0726452600e+02	4.9296203824e-03
7.0821490500e+02	2.2528366176e-03
7.0916528300e+02	3.6722564651e-03
7.1011572300e+02	1.6386060746e-04
7.1106622300e+02	2.5807019225e-03
7.1201647900e+02	5.4476920577e-03
7.1296698000e+02	1.6019908166e-03
7.1391741900e+02	6.2325713158e-03
7.1486779800e+02	1.2094745056e-03
7.1581817600e+02	4.8744342194e-03
7.1676861600e+02	0.0000000000e+00
7.1771911600e+02	1.4246065496e-03
7.1866937300e+02	7.9990642981e-03
7.1961987300e+02	0.0000000000e+00
7.2057031200e+02	8.3591850277e-03
7.2152069100e+02	0.0000000000e+00
7.2247113000e+02	0.0000000000e+00
7.2342150900e+02	9.4444488605e-03
7.2437188700e+02	0.0000000000e+00
7.2532232700e+02	7.0530641189e-03
7.2627282700e+02	8.8059648998e-05
7.2722308300e+02	8.9012170479e-03
7.2817358400e+02	1.0616299072e-04
7.2912402300e+02	9.2820830082e-03
7.3007440200e+02	0.0000000000e+00
7.3102478000e+02	8.4829121208e-03
7.3197522000e+02	3.1302076088e-03
7.3292572000e+02	0.0000000000e+00
7.3387597700e+02	7.5744022321e-03
7.3482647700e+02	0.0000000000e+00
7.3577691700e+02	4.9678031475e-03
7.3672729500e+02	0.0000000000e+00
7.3767767300e+02	7.2072137761e-03
7.3862811300e+02	0.0000000000e+00
7.3957861300e+02	5.5416151705e-03
7.4052887000e+02	0.0000000000e+00
7.4147937000e+02	0.0000000000e+00
7.4242981000e+02	1.9649746656e-03
7.4338018800e+02	0.0000000000e+00
7.4433062700e+02	0.0000000000e+00
7.4528100600e+02	0.0000000000e+00
7.4623138400e+02	0.0000000000e+00
7.4718182400e+02	6.9681004349e-04
7.4813232400e+02	0.0000000000e+00
7.4908270300e+02	0.0000000000e+00
7.5003308100e+02	3.1547881681e-04
7.5098352100e+02	0.0000000000e+00
7.5193389900e+02	5.4796276702e-04
7.5288427700e+02	0.0000000000e+00
7.5383471700e+02	6.4358850580e-04
7.5478521700e+02	0.0000000000e+00
7.5573547400e+02	3.6409735731e-04
7.5668597400e+02	0.0000000000e+00
7.5763641400e+02	0.0000000000e+00
7.5858679200e+02	1.8973138698e-03
7.5953717000e+02	0.0000000000e+00
7.6048761000e+02	9.0748119201e-04
7.6143798800e+02	0.0000000000e+00
7.6238842800e+02	4.9575939132e-04
7.6333892800e+02	0.0000000000e+00
7.6428930700e+02	0.0000000000e+00
7.6523968500e+02	4.2024564002e-04
7.6619012500e+02	0.0000000000e+00
7.6714050300e+02	5.0995219641e-04
7.6809088100e+02	0.0000000000e+00
7.6904132100e+02	4.1229035931e-04
7.6999182100e+02	0.0000000000e+00
7.7094220000e+02	8.6408582803e-04
7.7189257800e+02	0.0000000000e+00
7.7284301800e+02	0.0000000000e+00
7.7379339600e+02	4.5036279627e-04
7.7474377400e+02	0.0000000000e+00
7.7569421400e+02	6.8609998190e-04
7.7664471400e+02	0.0000000000e+00
7.7759509300e+02	5.6323859883e-04
7.7854547100e+02	0.0000000000e+00
7.7949591100e+02	2.8001167469e-04
