# Filename: guide/20240729PSend_77Kstreak_DG_target_PSII2.ascii
 
Time explicit
Intervalnr 1
11.0931988
6.2937426800e+02	0.0000000000e+00
6.3152331500e+02	0.0000000000e+00
6.3367242400e+02	4.8108456376e-01
6.3582147200e+02	1.2990691426e+00
6.3797052000e+02	1.6839358589e+00
6.4011962900e+02	1.4844515538e+00
6.4226867700e+02	1.3361513052e+00
6.4441772500e+02	1.7756118757e+00
6.4656683300e+02	1.7084509831e+00
6.4871588100e+02	3.1808372902e+00
6.5086492900e+02	4.9543998243e+00
6.5301403800e+02	5.7224609558e+00
6.5516308600e+02	6.9689028812e+00
6.5731213400e+02	9.2655023241e+00
6.5946124300e+02	1.0170645247e+01
6.6161029100e+02	9.1678073383e+00
6.6375933800e+02	8.7039002316e+00
6.6590844700e+02	8.9766515546e+00
6.6805749500e+02	8.3536092266e+00
6.7020654300e+02	8.9239234776e+00
6.7235565200e+02	1.0479232426e+01
6.7450470000e+02	1.1371445721e+01
6.7665374800e+02	1.1663376328e+01
6.7880285600e+02	1.3917092520e+01
6.8095190400e+02	1.5688689124e+01
6.8310095200e+02	2.0193574582e+01
6.8525006100e+02	2.2522784689e+01
6.8739910900e+02	2.3025841005e+01
6.8954815700e+02	2.6599634567e+01
6.9169726600e+02	3.3481321109e+01
6.9384631300e+02	4.0682283432e+01
6.9599536100e+02	4.5010856308e+01
6.9814447000e+02	4.5478983830e+01
7.0029351800e+02	3.3907152178e+01
7.0244256600e+02	2.8538992136e+01
7.0459167500e+02	2.3446424342e+01
7.0674072300e+02	1.9266923887e+01
7.0888977100e+02	1.9665987883e+01
7.1103881800e+02	1.8837754383e+01
7.1318792700e+02	2.0286673802e+01
7.1533697500e+02	1.9568046109e+01
7.1748608400e+02	2.0257046222e+01
7.1963513200e+02	1.6906870966e+01
7.2178418000e+02	1.6831881498e+01
7.2393322800e+02	1.4639976027e+01
7.2608233600e+02	8.8331900516e+00
7.2823138400e+02	7.1735073147e+00
7.3038049300e+02	4.6144091361e+00
7.3252954100e+02	3.2930481788e+00
7.3467858900e+02	3.1858282946e+00
7.3682763700e+02	3.9610944561e+00
7.3897674600e+02	2.2111074818e+00
7.4112579300e+02	7.8230144382e-01
7.4327490200e+02	1.3998454847e+00
7.4542395000e+02	2.7133002968e+00
7.4757299800e+02	4.5152599146e+00
7.4972204600e+02	3.6411357091e+00
7.5187115500e+02	4.4959601378e+00
7.5402020300e+02	4.4992691071e+00
7.5616931200e+02	5.5159822353e+00
7.5831835900e+02	6.2196498974e+00
7.6046740700e+02	5.2150005210e+00
7.6261645500e+02	5.1652124483e+00
7.6476556400e+02	4.8531339877e+00
7.6691461200e+02	4.5519250117e+00
7.6906372100e+02	4.4442056709e+00
7.7121276900e+02	3.8794250443e+00
7.7336181600e+02	4.2628753671e+00
7.7551086400e+02	4.4331820040e+00
7.7765997300e+02	4.1785041925e+00
7.7980902100e+02	3.7340313327e+00
7.8195813000e+02	2.9789297422e+00
7.8410717800e+02	2.7117040638e+00
7.8625622600e+02	3.0729443144e+00
7.8840527300e+02	2.5656963679e+00
7.9055438200e+02	2.4835976314e+00
7.9270343000e+02	1.6921734479e+00
7.9485253900e+02	1.5756184526e+00
7.9700158700e+02	9.1254604177e-01
7.9915063500e+02	1.0741974385e+00
8.0129968300e+02	1.3699753684e+00
8.0344879200e+02	1.2349796501e+00
8.0559783900e+02	3.9022957489e-01
8.0774694800e+02	1.2729498664e+00
8.0989599600e+02	7.0988516306e-01
8.1204504400e+02	3.9262234762e-01
8.1419409200e+02	7.0317363956e-01
8.1634320100e+02	1.0787673916e+00
8.1849224900e+02	9.2864804299e-01
8.2064135700e+02	9.7575499323e-01
8.2279040500e+02	6.6789391185e-01
8.2493945300e+02	2.5643233060e-01
8.2708850100e+02	7.2755869934e-01
8.2923761000e+02	4.5832531551e-01
8.3138665800e+02	3.6187396760e-01
8.3353576700e+02	1.9770857713e-01
8.3568481400e+02	6.7147104132e-01
8.3783386200e+02	3.1617417992e-01
8.3998291000e+02	2.1988936166e-01
8.4213201900e+02	1.2704964363e-01
8.4428106700e+02	4.8877797478e-01
8.4643017600e+02	2.7434257031e-01
8.4857922400e+02	7.1430238338e-01
