# Filename: guide/20241127streak_DG_target_DA_FRL_APC680.ascii
 
Time explicit
Intervalnr 1
11.0931988
6.2922522000e+02	8.2741387768e-05
6.3137426800e+02	1.2724163125e-04
6.3352331500e+02	7.4164729867e-05
6.3567242400e+02	4.7718132057e-05
6.3782147200e+02	4.1724123363e-07
6.3997052000e+02	2.2353695214e-04
6.4211962900e+02	5.6796412250e-05
6.4426867700e+02	9.9426469781e-05
6.4641772500e+02	2.9313164233e-04
6.4856683300e+02	6.6133425599e-04
6.5071588100e+02	6.0281325494e-04
6.5286492900e+02	5.5351951953e-04
6.5501403800e+02	6.3313747251e-04
6.5716308600e+02	8.7353608395e-04
6.5931213400e+02	1.5467143232e-03
6.6146124300e+02	1.9091691155e-03
6.6361029100e+02	2.4005109511e-03
6.6575933800e+02	3.8212916326e-03
6.6790844700e+02	4.9145001025e-03
6.7005749500e+02	6.6789942096e-03
6.7220654300e+02	1.0292941534e-02
6.7435565200e+02	1.6125081225e-02
6.7650470000e+02	2.3711076272e-02
6.7865374800e+02	3.2857185183e-02
6.8080285600e+02	3.6829578326e-02
6.8295190400e+02	4.0026235395e-02
6.8510095200e+02	3.7261054813e-02
6.8725006100e+02	3.1504922472e-02
6.8939910900e+02	2.4822941391e-02
6.9154815700e+02	1.8632417056e-02
6.9369726600e+02	1.3860368489e-02
6.9584631300e+02	1.1169773310e-02
6.9799536100e+02	8.4350088063e-03
7.0014447000e+02	7.3013112108e-03
7.0229351800e+02	5.3318754023e-03
7.0444256600e+02	5.5496194779e-03
7.0659167500e+02	5.3064472071e-03
7.0874072300e+02	4.4551136613e-03
7.1088977100e+02	4.2663527495e-03
7.1303881800e+02	4.0793360799e-03
7.1518792700e+02	4.4338422177e-03
7.1733697500e+02	4.0697902266e-03
7.1948608400e+02	3.4226964687e-03
7.2163513200e+02	3.4970119855e-03
7.2378418000e+02	3.5643985309e-03
7.2593322800e+02	3.2523872420e-03
7.2808233600e+02	3.5127970708e-03
7.3023138400e+02	3.0452918805e-03
7.3238049300e+02	3.2459058050e-03
7.3452954100e+02	2.8685740519e-03
7.3667858900e+02	3.5642499010e-03
7.3882763700e+02	3.3313975212e-03
7.4097674600e+02	3.7413543686e-03
7.4312579300e+02	3.7403318897e-03
7.4527490200e+02	4.0575077213e-03
7.4742395000e+02	4.2652652424e-03
7.4957299800e+02	4.0453395900e-03
7.5172204600e+02	3.9700364896e-03
7.5387115500e+02	3.9310318023e-03
7.5602020300e+02	3.4084242313e-03
7.5816931200e+02	3.2472498737e-03
7.6031835900e+02	3.1092070210e-03
7.6246740700e+02	2.9376999946e-03
7.6461645500e+02	2.7411064015e-03
7.6676556400e+02	2.8390593723e-03
7.6891461200e+02	2.4867764399e-03
7.7106372100e+02	2.1939812995e-03
7.7321276900e+02	1.8495772197e-03
7.7536181600e+02	1.7198984316e-03
7.7751086400e+02	1.3872922712e-03
7.7965997300e+02	1.3449837155e-03
7.8180902100e+02	1.0922005927e-03
7.8395813000e+02	9.4925623453e-04
7.8610717800e+02	8.2711166310e-04
7.8825622600e+02	7.5202924551e-04
7.9040527300e+02	5.7350754339e-04
7.9255438200e+02	5.6202779521e-04
7.9470343000e+02	5.8636450712e-04
7.9685253900e+02	5.7348698863e-04
7.9900158700e+02	4.2067906105e-04
8.0115063500e+02	4.9958192178e-04
8.0329968300e+02	4.3462154730e-04
8.0544879200e+02	3.7633681903e-04
8.0759783900e+02	4.4977048761e-04
8.0974694800e+02	3.5243106369e-04
8.1189599600e+02	4.4427690346e-04
8.1404504400e+02	4.0172327905e-04
8.1619409200e+02	3.6897097560e-04
8.1834320100e+02	4.4070368208e-04
8.2049224900e+02	3.3025341707e-04
8.2264135700e+02	2.7194494525e-04
8.2479040500e+02	3.4543555364e-04
8.2693945300e+02	2.0806637418e-04
8.2908850100e+02	2.6861571422e-04
8.3123761000e+02	3.0933949228e-04
8.3338665800e+02	2.2794284548e-04
8.3553576700e+02	2.0494858403e-04
8.3768481400e+02	2.4667280857e-04
8.3983386200e+02	2.0517274041e-04
8.4198291000e+02	2.0904207781e-04
8.4413201900e+02	2.0611882085e-04
8.4628106700e+02	2.2065319931e-04
8.4843017600e+02	1.7827455043e-04
